1944	1	0	0	0	0	0	0	0	0	0	0	0	0	5.2	18.4	0	0	0	2.5	9.6	3.6	0	0	3.6	0	0	2.5	0	0	0	0	0
1944	2	0	0	16.6	0	0	3.1	0	0	0	0	0	0	0	0	6.3	0	8.3	0	0	0	0	0	0	3.2	10.6	22.2	4.8	0	9.2	-1	-1
1944	3	2.2	0	0	13.9	0	21	11.5	3	15	0	5	10	0	0	0	0	0.5	4.2	0	0	0.4	10.2	0	18.1	0	0	3.2	0	0	5.8	0
1944	4	0	0	3	55.3	0	7.8	0	8.2	0	2.3	22.4	0	0	0	3.7	31.5	5	0	0	0	0	0	0	0	0	0	0	0	0	0	-1
1944	5	14.6	0	0	0	0	10.7	0	0	0	0	6.5	0	0	0	0	0	0	0	0	0	0	0	0	0	0	0	0	0	0	0	0
1944	6	0	0	0	0	0	0	0	0	0	0	0	0	0	0	0	0	0	0	0	0	0	0	0	0	0	0	0	0	0	0	-1
1944	7	0	0	0	0	0	0	0	0	0	0	0	0	0	0	0	0	0	0	0	0	0	0	0	0	0	0	0	0	0	0	0
1944	8	0	0	0	0	0	0	0	0	0	0	0	0	0	0	0	0	0	0	0	0	0	0	0	0	0	0	0	0	0	0	0
1944	9	0	0	0	0	0	17	0.5	0	0	0	0	0	0	0	0	0	0	0	0	0	0	0	0	0	0	0	0	0	0	0	-1
1944	10	0	0	0	0	0	0	0	0	0	0	0	0	0	0	0	0	0	0	0	0	0	0	0	0	0	0	0	0	0	0	0
1944	11	0	0	0	0	0	0	0	0	0	0	0	0	0	0	0	0	0	0	0	0	0	0	0	0	0	0	0	0	0	0	-1
1944	12	0	0	0	0	0	0	0	0	0	0	0	70.4	20.7	65.2	0	5.6	0	0	62.5	0	0	0	24.3	0	0	0	0	0	0	0	0
1945	1	0	0.1	0	0	0	0	0	0	0	16.7	0	0	5.3	0	11	8	0	0	0.9	0	0	0	0	0	0	0	0.3	0	0	0	0
1945	2	0	3.4	4.2	14.1	4.9	0	12	8	0	15	21.6	4	0	0	0	0	0	7	0	0	10	0	0	44.4	1.7	5.8	0	1.8	-1	-1	-1
1945	3	0	43	14	0	0	8.3	2.7	26.8	0	0	0	0	0	31.2	0	11.3	0	0	0	0	32	0	0	0	67	7.8	0	48	0	5.3	0
1945	4	40.6	0	0	15.2	7.3	0	0	2.8	44.8	5.3	0	0	0	0	0	26.2	0	0	0	0	0	0	0	0	0	20	0	0	0	20.8	-1
1945	5	38.8	7.5	9.3	23.4	15.9	0	13.3	0	2	0	28.4	28.8	0	0	0	0	0	0	0	0	0	0	0	0	0	23.2	2.2	0	4.2	0	0
1945	6	14.5	38.8	0	0	4.5	0	0	0	0	0	0	0	0	0	0	0	0	0	0	0	0	0	0	0	0	0	0	0	0	0	-1
1945	7	0	0	4.5	0	0	0	0	0	0	0	0	0	0	0	0	0	6.3	0	0	0	0	0	0	0	0	0	0	0	0	0	0
1945	8	0	0	0	0	0	0	0	0	0	0	0	0	0	0	0	0	0	0	0	0	0	0	0	0	0	0	0	0	0	0	0
1945	9	0	0	0	0	0	0	0	0	0	0	0	0	0	0	0	0	0	0	0	0	0	0	0	0	0	0	0	0	0	0	-1
1945	10	0	0	0	0	0	0	0	0	0	0	0	0	8	0	0	1.8	0	0	0	0	0	2.5	0	0	0	0	0.7	0	0	0	0
1945	11	0	0	0	0	0	0	0	0	0	0	0	0	0	0	0	0	4	0	0.9	0.7	2.2	0	0	0	27.2	0	3.7	0	0	0	-1
1945	12	62.3	13.3	0	28.4	5.4	0	0	0	0	0	0	0	0	0	0	0	0	0	0	0	0	0	0	0	0	0	0	0	0	0	0
1946	1	0	0	100	0	12.3	0	0	0	0	13	30.3	6.2	6.6	24.4	35	0	6.4	15.2	0	10.8	0	31.6	0	0	32.4	28.2	5.2	0	0	10.9	0
1946	2	0	15.5	23	0	4.2	10	0	0	0	0	12.7	0	0	9	0	0	0	0	20.2	6.2	0	0	0	0	70	0	0	10.5	-1	-1	-1
1946	3	16.8	0	0	16.4	17	0	0	0	0	0	0	0	0	0	0	0	36.4	45.2	54.3	10	0	13.6	0	0	10.1	0	0	7.2	0	0	0
1946	4	0	0	0	22.6	0	0	0	0	0	0	0	24.8	0	0	0	0	0	0	22.9	12.5	0	0	0	9.2	0	0	30.6	0	0	4	-1
1946	5	0	0	0	0	0	10.8	0	0	0	0	0	9.7	0	0	0	2.6	0	0	2.5	0	0	0	12.7	0	0	0	0	0	0	0	0
1946	6	0	0	0	0	0	0	0	0	0	0	7.3	0	85.9	0	6.2	0	0	0	0	0	0	0	0	0	0	0	0	0	0	3.4	-1
1946	7	0	0	0	0	0	0	0	0	0	0	0	0	0	0	0	0	0	0	0	0	0	0	0	0	0	0	0	0	0	0	0
1946	8	0	0	0	0	0	0	0	0	0	0	0	0	0	0	0	0	0	0	0	0	0	0	0	0	0	0	0	0	0	0	24
1946	9	0	0	0	0	0	0	0	0	0	0	0	0	0	0	0	0	0	0	0	0	0	0	0	0	0	0	0	0	0	0	-1
1946	10	0	0	0	0	0	0	0	0	0	0	0	0	0	0	0	0	0	0	0	0	0	0	0	0	0	0	0	0	0	0	0
1946	11	0	0	0	0	0	0	0	0	0	0	0	0	45.5	10.5	0	0	0	0	0	0	0	0	0	0	0	0	0	0	0	0	-1
1946	12	0	0	46.4	0	0	0	0	0	10.7	0	0	0	0	0	0	0	0	0	76.8	0	0	0	0	0	0	0	0	0	0	0	0
1947	1	0	0	0	0	0	0	0	0	0	0	0	0	0	0	0	0	0	0	0	0	0	56.3	67.2	0	39	0	0	29.3	0	0	14.7
1947	2	0	45.3	14	0	10.3	0	76.8	0	0	0	0	0	0	0	17.8	0	0	0	56.3	0	46.3	0	0	6.3	0	0	0	22.3	-1	-1	-1
1947	3	20.7	92.3	65.3	38.4	0	26.4	10	9.6	0	25	10.8	22	0	12.8	0	25.2	45.3	0	0	37.4	14.7	20	12	10.5	17.7	30	10.6	86.4	36	39.3	40
1947	4	17	12.3	27.4	11	60	0	0	0	0	76.4	0.6	0	0	0	12.3	0	0	0	0	0	48.6	0	0	28.3	0	0	0	0	0	0	-1
1947	5	0	0	5	0	0	0	0	0	0	0	0	0	0	0	0	0	0	0	0	0	0	0	0	7.2	0	0	0	0	0	0	0
1947	6	0	0	0	0	0	0	0	0	0	0	0	0	0	0	0	0	0	0	0	0	0	0	4.7	0	0	0	0	0	0	0	-1
1947	7	0	0	0	0	0	0	0	0	0	0	0	0	0	0	0	0	0	0	0	0	0	0	0	0	0	0	0	0	0	0	0
1947	8	0	0	0	0	0	0	0	0	0	0	0	0	0	0	0	0	0	0	0	0	0	0	0	0	0	0	0	0	0	0	0
1947	9	0	0	0	0	0	0	0	0	0	0	0	0	0	0	0	0	0	0	0	0	0	0	0	0	0	0	0	0	0	0	-1
1947	10	0	0	0	0	0	0	0	0	0	0	0	0	0	0	0	0	0	0	0	0	0	0	0	0	0	0	0	0	0	0	0
1947	11	0	0	0	0	0	0	0	0	10.7	0	0	0	0	0	35.2	15.6	0	28.3	0	0	0	0	0	15.6	0	0	0	0	0	0	-1
1947	12	0	0	0	0	0	0	0	0	0	0	0	30.2	20.4	12.6	0	0	0	0	0	0	0	0	0	0	0	0	0	0	0	0	0
1948	1	0	0	0	0	0	0	0	0	0	0	7.3	0	0	20.2	9.4	56.3	0	0	0	10.3	0	0	5.5	0	0	0	0	7.6	0	0	0
1948	2	0	0	0	0	0	0	0	0	0	0	16.5	0	0	0	0	0	6.8	0	12.5	9.3	0	0	0	21.3	0	0	0	6.3	0	-1	-1
1948	3	2.5	0	10.2	0	0	25	50	14	0	16.3	48.3	18.3	12.7	0	20.3	25.8	22.3	0	14.6	0	0	10.7	17.5	0	20.8	0	0	15.6	0	30	0
1948	4	0	0	0	0	0	0	0	0	0	13.5	2.3	0	0	35.2	22	0	16.8	0	20.8	0	0	0	8.2	0	0	0	0	0	5.4	0	-1
1948	5	0	0	0	0	0	0	0	0	0	8.7	0	0	0	0	0	0	0	0	0	0	0	13.6	0	0	0	0	0	0	0	0	0
1948	6	0	0	0	0	0	0	0	0	0	0	0	0	0	0	0	0	0	0	0	0	0	0	0	0	0	0	10.6	0	0	0	-1
1948	7	0	0	0	0	0	0	0	0	0	0	0	0	0	0	16.4	0	0	9	0	0	0	0	0	0	0	0	0	0	0	0	0
1948	8	0	0	0	0	0	0	0	0	0	0	0	0	0	0	0	0	0	0	0	0	0	0	0	0	0	0	0	0	6.2	7	0
1948	9	0	0	0	0	0	0	0	0	0	0	0	0	0	0	0	0	0	0	0	0	0	0	0	0	0	0	0	0	0	0	-1
1948	10	0	0	0	0	0	0	0	0	0	0	0	0	0	0	0	0	0	0	0	0	0	0	0	0	0	0	0	0	0	0	0
1948	11	0	0	0	0	0	0	0	0	0	0	0	0	0	0	0	0	0	0	0	0	0	0	0	0	0	0	0	0	0	0	-1
1948	12	0	0	0	0	0	0	20.8	0	0	45.8	0	6.3	0	0	0	0	0	0	0	0	0	0	0	0	0	0	0	0	0	0	0
1949	1	0	0	0	0	0	0	0	0	0	0	0	0	0	0	0	0	0	0	0	20.2	0	0	0	0	0	0	0	0	0	0	0
1949	2	0	25.2	69.4	10.5	0	0	0	0	0	25.8	35.2	6.3	0	0	0	0	0	0	0	0	10.8	0	0	0	0	0	0	0	-1	-1	-1
1949	3	0	0	20.4	6.3	0	0	0	0	0	0	0	10.6	0	0	0	30.4	25.4	35.6	20.3	0	0	45.6	0	15.1	0	0	20.2	0	10.5	0	0
1949	4	3.2	25.4	0	20.3	28.4	0	0	0	0	35.4	0	15.6	0	0	0	0	0	70.8	9.4	0	0	0	0	0	25.4	0	14.6	0	17.3	0	-1
1949	5	0	20.4	0	0	0	0	0	0	0	0	0	0	0	0	35.6	0	0	20.1	0	45.8	0	0	28.7	15.3	12.9	18	0	0	0	0	0
1949	6	0	0	0	0	0	0	0	0	0	0	0	0	0	0	0	6.4	0	0	0	0	0	0	0	0	0	0	0	0	0	0	-1
1949	7	0	0	0	0	0	0	0	0	0	0	0	0	0	0	0	0	0	0	0	0	0	0	0	0	0	0	0	0	0	0	0
1949	8	0	0	0	0	0	0	0	0	0	0	0	0	0	0	0	0	0	0	0	0	0	0	0	0	0	0	0	0	0	0	0
1949	9	0	0	0	0	0	0	0	0	0	0	0	0	0	0	0	0	0	0	0	0	0	0	0	0	0	0	0	0	0	0	-1
1949	10	0	0	0	0	0	0	0	0	0	0	0	0	0	0	0	0	0	0	0	0	0	0	0	0	0	0	0	0	0	0	0
1949	11	0	0	0	0	0	0	0	0	0	0	0	0	10.8	0	0	0	35.8	0	25.4	0	12.6	0	0	0	0	0	0	0	0	0	-1
1949	12	0	0	20.8	0	23.2	0	0	0	0	0	0	0	0	0	0	0	0	0	0	0	0	0	0	0	0	0	0	0	0	0	0
1950	1	0	0	0	0	0	0	0	0	0	6.4	0	0	0	0	0	36.8	0	20.2	0	0	0	0	0	0	0	0	0	0	0	0	0
1950	2	0	20.3	0	0	0	0	22.4	0	0	0	0	0	0	0	0	0	0	0	0	6.4	0	20.6	0	0	0	0	10.4	6.6	-1	-1	-1
1950	3	20.2	25.4	15.6	20.2	0	0	0	0	32.2	12.8	16.7	0	0	20	28.7	0	0	0	0	0	0	0	0	25.6	19	12.8	30	45.3	0	28.7	20.2
1950	4	20.5	28.6	45	53.6	20.2	42.3	15.7	22	0	0	0	28.1	32.4	15.8	16.9	37	0	0	35.4	62.8	12.4	0	0	0	10.6	0	9.7	0	0	0	-1
1950	5	0	0	0	0	25.8	10.6	0	12.3	0	0	0	0	0	0	22.8	0	0	0	6.4	8	0	0	0	0	0	0	0	0	0	0	0
1950	6	0	0	0	0	0	0	0	0	0	0	0	0	0	0	0	0	0	0	0	0	0	0	0	0	0	0	0	0	0	0	-1
1950	7	0	0	0	0	0	0	0	0	0	0	0	0	0	0	0	0	0	0	0	0	0	0	0	0	0	0	0	0	0	0	0
1950	8	0	0	0	0	0	0	0	0	0	0	0	0	0	0	0	0	0	0	0	0	0	0	0	0	0	0	0	0	0	0	0
1950	9	0	0	0	0	0	0	0	0	0	0	0	0	0	0	0	0	0	0	0	0	0	0	0	0	0	0	0	0	0	0	-1
1950	10	0	0	0	0	0	0	0	0	0	0	0	0	0	0	0	0	0	0	0	0	0	0	0	0	0	0	0	0	0	0	0
1950	11	0	0	0	0	0	0	0	0	0	0	0	0	0	0	0	0	0	0	0	0	0	0	0	0	0	0	0	0	0	0	-1
1950	12	0	0	0	0	0	0	0	0	0	0	0	0	20.3	0	10.2	0	0	15.1	0	0	0	0	0	0	0	0	26.2	0	0	0	0
1951	1	0	0	21.2	0	0	12.6	0	0	0	20.3	0	13.6	0	0	0	0	0	0	0	0	0	0	0	0	0	0	0	20.2	21.4	22.1	32.4
1951	2	18.4	0	0	19	25.2	20.1	0	0	0	0	0	0	0	0	0	0	0	0	0	0	0	0	0	0	0	0	0	0	-1	-1	-1
1951	3	0	0	0	0	0	0	0	0	0	0	0	0	0	0	0	0	0	0	0	0	0	0	0	0	0	0	0	7.4	0	12.6	20.1
1951	4	0	0	22.4	0	18.3	23.8	0	0	35.6	0	22.4	28.6	0	0	0	0	45.6	20.2	0	0	0	62.1	21.7	0	71.2	0	0	0	28.6	0	-1
1951	5	0	0	0	0	12.6	0	0	0	0	0	0	20.5	0	0	0	0	23.6	0	0	0	0	0	0	0	0	0	0	0	0	0	0
1951	6	0	0	0	0	0	0	0	0	0	0	0	0	0	0	0	0	0	0	0	0	0	0	0	0	0	0	0	0	0	0	-1
1951	7	0	0	0	0	0	0	0	0	0	0	0	0	0	0	0	0	0	0	0	0	0	0	0	0	0	0	0	0	0	0	0
1951	8	0	0	0	0	0	0	0	0	0	0	0	0	0	0	0	0	0	0	0	0	0	0	0	0	0	0	0	0	0	0	0
1951	9	0	0	0	0	0	0	0	0	0	0	0	0	0	0	0	0	0	0	0	0	0	0	0	0	0	0	0	0	0	0	-1
1951	10	0	0	0	0	0	0	0	0	0	0	0	0	0	0	0	0	0	0	0	0	0	0	0	0	0	0	0	0	0	0	0
1951	11	0	0	0	0	0	0	0	0	0	0	0	0	0	0	0	0	0	0	0	0	0	0	0	0	0	0	0	0	0	0	-1
1951	12	0	0	6.2	0	0	10.6	0	0	0	0	0	0	0	0	0	0	0	0	0	20.2	0	0	0	0	0	0	0	0	0	0	0
1952	1	0	0	0	16.6	0	12.8	0	0	20.1	7.3	9	10.8	22.6	0	0	0	0	0	0	0	0	0	0	0	0	0	0	0	0	0	0
1952	2	0	0	0	0	0	8.2	0	10.3	0	77	44.3	0	20.4	0	22.6	0	0	12.4	0	0	10.3	0	6.2	0	0	9.6	0	0	0	-1	-1
1952	3	0	3.2	7.2	24.2	0	0	0	0	0	0	0	0	0	4	18.1	0	27	0	31.2	16	0	14.5	0	0	0	0	0	0	0	0	8.5
1952	4	0	22	37.2	0	0	0	0	0	0	0	0	0	0	0	52.2	0	0	0	0	0	23	0	0	0	22.2	0	0	0	0	24.7	-1
1952	5	0	3.4	0	0	0	0	0	0	0	0	0	16.4	0	0	0	0	0	0	0	0	0	0	0	0	0	0	0	0	0	0	0
1952	6	0	0	0	0	0	0	0	0	0	0	0	0	0	0	0	0	0	0	0	0	0	0	0	0	0	0	0	0	0	0	-1
1952	7	0	0	0	0	0	0	0	0	0	0	0	0	0	0	0	0	0	0	0	0	0	0	0	0	0	0	0	0	0	0	0
1952	8	0	0	0	0	0	0	0	0	0	0	0	0	0	0	0	0	0	0	0	0	0	0	0	0	0	0	0	0	0	0	0
1952	9	0	0	0	0	0	0	0	0	0	0	0	0	0	0	0	0	0	0	0	0	0	0	0	0	0	0	0	0	0	0	-1
1952	10	0	0	0	0	0	0	0	0	0	0	0	0	0	0	0	0	0	0	0	0	0	0	0	0	0	0	0	0	0	0	0
1952	11	0	0	0	0	0	0	0	0	0	0	0	0	0	0	0	0	0	0	0	0	0	0	0	0	0	0	0	0	0	0	-1
1952	12	0	0	0	0	0	0	0	0	0	0	0	0	0	0	0	69	0	0	0	0	0	0	0	0	0	0	0	0	0	0	0
1953	1	0	26	0	0	0	0	0	0	0	0	0	0	0	0	0	0	0	0	0	0	16	0	0	0	0	0	0	3	0	0	0
1953	2	0	6	15	10	0	0	0	0	0	0	0	0	0	0	0	0	10	0	0	0	0	24	4	0	0	24	20.2	50	-1	-1	-1
1953	3	20	0	0	0	0	16	0	0	35	0	0	34	0	20	18	30	0	10.2	0	0	0	16.4	0	0	21.4	0	0	0	0	0	0
1953	4	0	0	0	0	0	0	0	0	0	0	0	10	35	0	0	0	0	0	0	0	0	0	0	0	0	0	0	0	0	0	-1
1953	5	0	0	0	0	0	0	0	0	0	0	0	0	0	0	0	0	0	0	0	0	0	0	0	0	0	0	0	0	0	0	0
1953	6	0	0	0	0	0	0	0	30	14	0	0	0	0	0	0	0	0	0	0	0	0	0	0	0	0	0	0	0	0	0	-1
1953	7	0	0	0	0	0	0	0	0	0	0	0	0	0	0	0	0	0	0	0	0	0	0	0	0	0	0	0	0	0	0	0
1953	8	0	0	0	0	0	0	0	0	0	0	0	0	0	0	0	0	0	0	0	0	0	0	0	0	0	0	0	0	0	0	0
1953	9	0	0	0	0	0	0	0	0	0	0	0	0	0	0	0	0	0	29	0	8	0	0	0	0	0	0	0	0	0	0	-1
1953	10	0	0	0	0	0	0	0	0	0	0	0	0	0	0	0	0	0	0	0	0	0	0	0	0	0	0	0	0	0	0	0
1953	11	0	0	0	0	0	0	0	0	0	0	0	0	0	0	0	0	0	0	0	0	0	0	0	0	0	0	66	0	30	0	-1
1953	12	0	0	0	0	0	0	0	0	0	0	0	0	0	0	0	0	10	0	8	0	0	0	0	0	0	0	0	0	0	0	0
1954	1	0	0	0	0	35	0	0	0	0	0	0	0	0	0	0	0	0	0	0	57	35	0	0	28.2	0	0	0	0	0	0	23
1954	2	0	0	0	0	0	0	29.8	0	0	0	0	0	0	8	30	28.2	90.5	0	29.2	0	0	0	0	32	0	25	0	0	-1	-1	-1
1954	3	0	0	19	28.5	0	0	0	54	0	14	0	40	0	28	0	10.5	0	85	10.2	10	0	0	0	0	0	0	0	0	0	0	0
1954	4	0	0	0	0	0	0	0	0	10.2	0	0	0	8	0	0	27	0	0	0	0	0	0	0	0	0	0	0	0	0	0	-1
1954	5	0	0	0	15	0	0	8	0	0	0	0	0	10.5	0	0	0	0	0	0	0	0	0	0	0	0	0	17	0	0	0	0
1954	6	0	0	0	0	0	0	0	0	0	0	0	0	0	0	0	0	0	0	0	0	0	0	0	0	0	0	0	0	0	0	-1
1954	7	0	0	0	0	0	0	0	0	0	0	0	0	0	0	0	0	0	0	0	0	0	0	0	0	0	0	0	0	0	0	0
1954	8	0	0	0	0	0	0	0	0	0	0	0	0	0	0	0	0	0	0	0	0	0	0	0	0	0	0	0	0	0	0	0
1954	9	0	0	0	0	0	0	0	0	0	0	0	0	0	0	0	0	0	0	0	0	0	0	0	0	0	0	0	0	0	0	-1
1954	10	0	0	0	0	0	0	0	0	0	0	0	0	0	0	0	0	0	0	0	0	0	0	0	0	0	0	0	0	0	0	0
1954	11	0	0	0	0	0	0	0	0	0	0	0	0	0	0	0	0	0	0	0	0	0	0	0	0	0	0	0	0	0	0	-1
1954	12	0	0	0	0	0	0	0	0	0	0	0	0	0	0	0	0	0	42	0	0	0	0	0	0	0	0	0	0	0	0	0
1955	1	0	0	0	0	0	0	0	0	0	0	0	0	0	0	0	0	0	0	52	0	0	0	69	23	27	10	0	0	0	22	0
1955	2	0	0	0	0	0	22	0	7.3	0	0	52	0	0	5	11	0	0	0	64	0	0	0	0	40	8	7	16	0	-1	-1	-1
1955	3	94	0	0	0	26	13	9	17	3	18	6	3	51	0	13	23	17	0	39	12	0	47	13	0	25	37	43	0	0	0	0
1955	4	0	0	0	86	51	56	22	0	0	0	0	0	0	0	0	0	35	0	0	0	16	0	0	0	0	0	0	0	0	0	-1
1955	5	0	0	0	0	0	0	0	0	0	0	0	0	0	0	0	0	0	0	0	0	0	0	0	0	0	0	0	0	0	0	0
1955	6	0	0	0	0	0	0	0	0	0	0	0	0	0	0	0	0	0	0	0	0	0	0	0	0	0	0	0	0	0	0	-1
1955	7	0	0	0	0	0	0	0	0	0	0	0	0	0	0	0	0	0	0	0	0	0	0	0	0	0	0	0	0	0	0	0
1955	8	0	0	0	0	0	0	0	0	0	0	0	0	0	0	0	0	0	0	0	0	0	0	0	0	0	0	0	0	0	0	0
1955	9	0	0	0	0	0	0	0	0	0	0	0	0	0	0	0	0	0	0	0	0	0	0	0	0	0	0	0	0	0	0	-1
1955	10	0	0	0	0	0	0	0	0	0	0	0	0	0	0	0	0	0	0	0	0	21	0	0	0	0	0	0	0	0	0	17
1955	11	0	0	0	0	0	0	0	0	0	0	0	0	0	0	0	0	0	0	0	0	0	0	0	0	0	0	0	0	0	0	-1
1955	12	0	0	0	0	0	0	10	0	0	0	93	22	0	0	0	0	0	0	0	0	0	0	0	0	0	0	0	0	0	0	0
1956	1	0	0	0	0	0	0	0	0	0	0	0	0	0	0	0	0	0	0	0	0	0	0	0	0	0	0	37	0	0	0	0
1956	2	0	11	55.5	19	0	0	12	14	27	39	11	0	70	0	24	0	0	7	66.3	15	0	0	0	0	0	29	51	21	3	-1	-1
1956	3	0	0	0	0	0	0	0	0	0	0	0	0	0	0	0	0	17	0	22	0	0	0	62	35	0	39	16	0	15	28	20
1956	4	0	23	0	0	16	0	0	21	14	0	22.2	0	53	0	0	41	16	0	25	0	19	0	0	0	0	0	0	0	0	0	-1
1956	5	0	0	0	0	0	0	0	0	0	0	0	0	0	0	0	0	0	0	0	0	0	0	0	0	0	0	0	0	0	0	0
1956	6	0	0	0	0	0	0	0	0	0	0	0	0	0	0	0	0	0	0	0	0	0	0	0	0	0	0	0	0	0	0	-1
1956	7	0	0	0	0	0	0	0	0	0	0	0	0	0	0	0	0	0	0	0	0	0	0	0	0	0	0	0	0	0	0	0
1956	8	0	0	0	0	0	0	0	0	0	0	0	0	0	0	0	0	0	0	0	0	0	0	0	0	0	0	0	0	0	0	0
1956	9	0	0	0	0	0	0	0	0	0	0	0	0	0	0	0	0	0	0	0	0	0	0	0	0	0	0	0	0	0	0	-1
1956	10	0	0	0	0	0	0	0	0	0	0	0	0	0	0	0	0	0	0	0	0	0	0	12	0	0	0	5	0	0	30	0
1956	11	0	0	0	0	0	0	0	0	0	0	0	0	0	0	0	0	0	0	0	0	0	0	0	0	0	0	0	0	0	0	-1
1956	12	0	0	0	0	0	0	0	0	0	0	0	0	0	0	0	0	0	0	0	0	0	49.2	9.2	11.2	0	0	54.4	0	0	0	4.2
1957	1	0	0	0	0	0	0	0	0	0	14	0	0	0	14	0	0	0	7.8	0	0	0	0	0	0	0	9	0	0	0	0	0
1957	2	0	0	0	0	0	0	0	0	0	0	0	0	0	0	0	0	0	0	0	0	0	0	0	0	92.5	0	60.5	0	-1	-1	-1
1957	3	0	12	0	26	12	39	83.2	0	47	0	0	0	0	10	0	0	0	20	0	0	0	15	0	0	0	45	0	0	0	40	0
1957	4	5.3	0	0	0	1.1	0	1.2	0	0	2	0	0	1.5	0	4	0	5.4	0	0	0	0	0	0	0	0	0	0	0	0	0	-1
1957	5	0	0	0	0	0	0	0	0	0	0	0	0	0	0	0	0	0	0	0	0	0	0	0	0	0	0	0	0	0	0	0
1957	6	0	0	0	0	0	0	0	0	0	0	0	0	0	0	0	0	0	0	0	0	0	0	0	0	0	0	0	0	0	0	-1
1957	7	0	0	0	0	0	0	0	0	0	0	0	0	0	0	0	0	0	0	0	0	0	0	0	0	0	0	0	0	0	0	0
1957	8	0	0	0	0	0	0	0	0	0	0	0	0	0	0	0	0	0	0	0	0	0	0	0	0	0	0	0	0	0	0	0
1957	9	0	0	0	0	0	0	0	0	0	0	0	0	0	0	0	0	0	0	0	0	0	0	0	0	0	0	0	0	0	0	-1
1957	10	0	0	0	0	0	0	0	0	0	0	0	0	0	0	0	0	0	0	0	0	0	0	0	0	0	0	0	0	0	0	0
1957	11	0	0	0	0	0	0	0	0	0	0	0	0	0	0	0	0	0	0	0	0	0	0	0	0	0	0	0	0	0	0	-1
1957	12	0	0	0	0	0	0	0	0	0	0	0	0	0	0	0	0	0	0	0	0	0	0	0	0	0	0	0	0	0	0	0
1958	1	0	0	0	0	0	0	0	0	0	0	0	0	0	0	0	50	0	0	0	0	0	0	0	0	0	0	0	0	0	0	0
1958	2	0	0	0	0	0	0	0	0	0	0	0	0	0	0	0	0	0	0	0	0	0	0	0	0	0	0	0	0	-1	-1	-1
1958	3	0	0	0	0	11.5	5.4	0	0	0	0	0	0	0	0	0	0	0	0	58.5	0	0	11	10.5	0	0	15.8	103	0	0	0	0
1958	4	0	0	6	0	0	0	0	3	10	0	1	0	0	0	10	0	0	0	0	0	0	0	0	0	0	0	0	0	0	0	-1
1958	5	0	16.5	12.5	6	0	0	0	0	48	0	4	0	0	0	0	0	0	0	0	10.5	8.5	0	0	0	0	0	0	0	0	0	0
1958	6	0	0	0	0	0	0	0	0	0	0	0	0	0	0	0	0	0	0	0	0	0	0	0	0	0	0	0	0	0	0	-1
1958	7	0	0	0	0	0	0	0	0	0	0	0	0	0	0	0	0	0	0	0	0	0	0	0	0	0	0	0	0	0	0	0
1958	8	0	0	0	0	0	0	0	0	0	0	0	0	0	0	0	0	0	0	0	0	0	0	0	0	0	0	0	0	0	0	0
1958	9	0	0	0	0	0	0	0	0	0	0	0	0	0	0	0	0	0	0	0	0	0	0	0	0	0	0	0	0	0	0	-1
1958	10	0	0	0	0	0	0	0	0	0	0	0	0	0	0	0	0	0	0	0	0	0	0	0	0	0	0	0	0	0	0	0
1958	11	0	0	0	0	0	0	0	0	0	0	0	0	0	0	0	0	0	0	0	0	0	0	0	0	0	0	0	0	0	0	-1
1958	12	0	0	3.5	0	0	10.5	5	0	0	0	0	0	0	6.5	0	0	0	9.5	0	0	0	0	0	0	0	0	0	0	0	0	0
1959	1	0	0	0	0	0	20	0	0	0	20	0	41	10.9	0	46	0	0	0	10	38	0	0	0	0	0	0	0	0	0	0	29
1959	2	0	0	14	0	0	0	15	0	0	0	20	0	0	0	0	60	0	0	0	80	0	0	0	60	0	0	0	11	-1	-1	-1
1959	3	0	0	0	0	0	0	0	0	0	0	8	0	3	0	0	0	0	0	0	0	8	0	0	0	4	9.7	0	0	0	0	0
1959	4	1	0	2	0	0	0	0	0	0	0	7	0	0	0	0	0	0	0	0	0	0	11	0	0	0	0	0	8	0	0	-1
1959	5	0	0	0	0	1	0	0	0	2	0	0	0	0	0	0	0	1.9	0	0	0	0	0	0	0	0	0	0	0	0	0	0
1959	6	0	0	0	0	0	0	0	0	0	0	0	0	0	0	0	0	0	0	0	0	0	0	0	0	0	0	0	0	0	0	-1
1959	7	0	0	0	0	0	0	0	0	0	0	0	0	0	0	0	0	0	0	0	0	0	0	0	0	0	0	0	0	0	0	0
1959	8	0	0	0	0	0	0	0	0	0	0	0	0	0	0	0	0	0	0	0	0	0	0	0	0	0	0	0	0	0	0	0
1959	9	0	0	0	0	0	0	0	0	0	0	0	0	0	0	0	0	0	0	0	0	0	0	0	0	0	0	0	0	0	0	-1
1959	10	0	0	0	0	0	0	0	0	0	0	0	0	0	0	0	0	0	0	0	0	0	0	0	0	0	0	0	0	0	0	0
1959	11	0	0	0	0	0	0	0	0	0	0	0	0	0	0	0	0	0	0	0	0	0	0	0	0	0	0	0	0	0	0	-1
1959	12	0	0	0	10	0	0	0	0	0	0	15	0	0	0	0	0	0	0	0	0	0	0	0	0	0	0	0	0	0	0	0
1960	1	0	0	0	12	0	25	0	7	0	0	0	0	0	0	0	0	0	0	0	0	0	0	0	0	0	0	0	0	0	0	0
1960	2	0	0	0	0	0	0	19	0	0	0	0	0	0	0	0	0	0	0	0	0	0	0	0	0	0	0	0	0	0	-1	-1
1960	3	0	0	0	0	0	0	0	0	0	0	0	0	0	0	0	0	0	0	0	0	0	0	0	0	0	0	0	0	0	0	0
1960	4	0	0	0	0	16.5	0	0	9	0	61	24	68	1	0	0	0	0	0	3	0	1.2	0	0	0	0	0	0	0	4.4	0	-1
1960	5	0	0	26	7	0	0	0	2.4	0	0	0	0	0	0	0	0	2	0	0	13.4	7	1	0	0	0	2	0	0	0	0	0
1960	6	0	0	0	0	0	0	0	0	0	0	0	0	0	0	0	0	0	0	0	0	0	0	0	0	0	0	0	0	0	0	-1
1960	7	0	0	0	0	0	0	0	0	0	0	0	0	0	0	0	0	0	0	0	0	0	0	0	0	0	0	0	0	0	0	0
1960	8	0	0	0	0	0	0	0	0	0	0	0	0	0	0	0	0	0	0	0	0	0	0	0	0	0	0	0	0	0	0	0
1960	9	0	0	0	0	0	0	0	0	0	0	0	0	0	0	0	0	0	0	0	0	0	0	0	0	0	0	0	0	0	0	-1
1960	10	0	0	0	0	0.4	0	0	0	0	0	0	0	0	52	2	0	1	0	0	0	0	0	0	0	1	0	0	0	0.2	0	0
1960	11	0	0	0	0	0	0	0	0	4.3	4.8	22.3	0	0	0	0	0	0	0	0	0	0	0	0	0	2.4	0	0	5.2	0	21.1	-1
1960	12	0	0	0	0	23.2	0	0	5.3	0	4.2	0	0	10.5	0	29	22.2	0	30.5	0	35.2	21	0	0	0	0	0	0	20	0	0	0
1961	1	0	0	0	0	0	0	0	0	0	0	0	0	0	0	2	0	3	0	0	5	0	0	0	0	0	0	0	0	0	0	0
1961	2	0	0	0	4.3	0	0	3	0	0	0	2.5	0	0	0	0	5	0	4	0	0	0	1.5	0	0	0	1	0	0	-1	-1	-1
1961	3	3	0	0	4	0	0	0.9	0	0	2	0	2.5	0	0	5.9	0	0	3	0	0	4	0	5	0	6.2	0	7.2	0	3	0	0
1961	4	0	0	0	0	0	0	0	0	0	0	0	0	0	0	0	0	0	0	0	10	0	0	5	0	0	0	15	0	0	0	-1
1961	5	0	0	0	0	0	0	0	0	0	0	0	0	0	0	0	0	0	0	0	0	0	0	0	0	0	0	0	0	0	0	0
1961	6	0	0	0	0	0	0	0	0	0	0	0	0	0	0	0	0	0	0	0	0	0	0	0	0	0	0	0	0	0	0	-1
1961	7	0	0	0	0	0	0	0	0	0	0	0	0	0	0	0	0	0	0	0	0	0	0	0	0	0	0	0	0	0	0	0
1961	8	0	0	0	0	0	0	0	0	0	0	0	0	0	0	0	0	0	0	0	0	0	0	0	0	0	0	0	0	0	0	0
1961	9	0	0	0	0	0	0	0	0	0	0	0	0	0	0	0	0	0	0	0	0	0	0	0	0	0	0	0	0	0	0	-1
1961	10	0	0	0	0	0	0	0	0	0	0	0	0	0	0	0	0	0	0	0	0	0	0	0	0	0	0	0	0	0	0	0
1961	11	0	0	0	0	0	0	0	0	0	0	0	0	0	0	0	0	0	0	0	0	0	0	0	0	0	0	0	0	0	0	-1
1961	12	1	2	3	4	5	6	13	14	15	16	17	18	19	20	21	22	23	24	25	26	27	28	29	30	31	0	0	0	0	0	0
1962	1	0	0	0	0	0	0	0	0	0	0	0	0	0	0	0	0	0	0	0	0	0	0	4.1	0	0	0	0	0	0	0	0
1962	2	0	71	0	0	0	0	25	7.3	0	0	0	0	0	85	0	0	0	0	0	0	68	26	0	0	0	67	0	67	-1	-1	-1
1962	3	40	66	0	0	0	0	0	0	0	80	0	0	0	0	0	0	35	50	20	0	0	20	0	0	10	0	0	0	0	15	0
1962	4	0	0	0	0	0	0	0	0	0	0	0	0	10	0	0	0	0	0	0	0	60	70	0	0	0	0	0	0	0	0	-1
1962	5	0	0	0	0	0	62	0	0	0	0	0	0	0	0	0	0	0	17	0	0	0	0	0	0	0	0	0	0	0	0	0
1962	6	0	0	0	0	0	0	0	0	0	0	0	0	0	0	0	0	0	0	0	0	0	0	0	0	0	0	0	0	0	0	-1
1962	7	0	0	0	0	0	0	0	0	0	0	0	0	0	0	0	0	0	0	0	0	0	0	0	0	0	0	0	0	0	0	0
1962	8	0	0	0	0	0	0	0	0	0	0	0	0	0	0	0	0	0	0	0	0	0	0	0	0	0	0	0	0	0	0	0
1962	9	0	0	0	0	0	0	0	0	0	0	0	0	0	0	0	0	0	0	0	0	0	0	0	0	0	0	0	0	0	0	-1
1962	10	0	0	0	0	0	0	0	0	0	0	0	0	0	0	0	0	0	0	0	0	0	0	0	0	0	0	0	0	0	0	0
1962	11	0	0	0	0	0	0	0	0	0	0	0	0	0	0	0	0	0	0	0	0	0	0	0	0	7.5	0	0	0	0	0	-1
1962	12	0	0	0	0	0	0	0	0	0	0	0	0	0	0	0	88	1	0	0	0	0	0	0	0	0	0	0	0	0	0	0
1963	1	0	0	0	0	0	0	0	0	0	0	0	0	0	0	0	0	0	0	0	0	0	0	0	0	0	0	5.5	0	0	0	5
1963	2	25	0	75	25	0	0	30	0	0	0	0	0	0	0	20	20	69	0	0	0	0	0	0	25	50	0	0	20	-1	-1	-1
1963	3	60	0	0	28	0	0	0	0	17	0	50	0	30	40	20	75	10	0	0	0	0	0	0	0	0	0	0	0	0	0	0
1963	4	0	0	0	0	0	0	0	0	0	0	60	0	0	0	20	10	0	50	0	0	0	0	0	0	15	0	0	0	0	0	-1
1963	5	0	0	0	0	0	0	0	0	0	0	0	0	0	0	0	0	0	0	0	0	0	0	0	0	0	0	0	0	0	0	0
1963	6	0	0	0	0	0	0	0	0	0	0	0	0	0	0	0	0	0	0	0	0	0	0	0	0	0	0	0	0	0	0	-1
1963	7	0	0	0	0	0	0	0	0	0	0	0	0	0	0	0	0	0	0	0	0	0	0	0	0	0	0	0	0	0	0	0
1963	8	0	0	0	0	0	0	0	0	0	0	0	0	0	0	0	0	0	0	0	0	0	0	0	0	0	0	0	0	0	0	0
1963	9	0	0	0	0	0	0	0	0	0	0	0	0	0	0	0	0	0	0	0	0	0	0	0	0	0	0	0	0	0	0	-1
1963	10	0	0	0	0	0	0	0	0	0	0	0	0	0	0	0	0	0	0	0	0	0	0	0	0	0	0	0	0	0	0	0
1963	11	0	0	0	0	0	0	0	0	0	0	0	0	0	0	0	0	0	0	0	0	0	0	0	0	0	0	0	0	0	0	-1
1963	12	0	0	0	0	0	0	0	0	0	0	0	0	0	0	0	0	0	20	0	25	0	0	0	0	0	17	10	0	33	0	4
1964	1	0	0	10	0	0	0	0	36	0	0	0	0	0	0	0	21	0	0	0	0	0	16	0	0	0	10	0	0	20	0	0
1964	2	0	0	0	0	12	0	0	0	0	0	0	0	0	50	0	0	0	23	0	0	0	0	0	28	0	0	0	0	25	-1	-1
1964	3	30	0	0	0	35	0	0	0	10	0	0	0	0	0	0	20	0	0	0	28	0	0	0	40	0	0	0	0	0	0	0
1964	4	0	0	0	0	50	0	0	40	0	0	0	0	15	0	0	0	0	0	0	30	20	0	0	0	0	25	90	0	0	0	-1
1964	5	0	0	0	15	40	0	0	0	0	0	0	20	0	0	0	0	35	28	0	0	0	0	7.5	0	0	0	0	0	0	0	0
1964	6	0	0	0	0	0	0	0	0	0	0	0	0	0	0	0	0	0	0	0	0	0	0	0	0	0	0	0	0	0	0	-1
1964	7	0	0	0	0	0	0	0	0	0	0	0	0	0	0	0	0	0	0	0	0	0	0	0	0	0	0	0	0	0	0	0
1964	8	9.2	0	15.4	0	0	0	0	0	0	0	0	0	0	0	0	0	0	0	0	0	0	0	0	0	0	0	0	0	0	0	0
1964	9	0	0	6.2	0	0	0	0	0	0	0	0	0	0	0	0	0	0	0	0	0	0	0	0	0	0	0	0	3.1	0	0	-1
1964	10	5	0	0	0	0	0	0	0	0	0	0	0	4.2	0	0	0	0	0	0	0	0	0	3.2	0	0	0	0	0	0	0	0
1964	11	0	0	0.2	0	0	0	0	0	0	0	0	0	0	0	0	0	0	0	0	0	0	0	0	6.2	0	0	0	0	0	0	-1
1964	12	0	0	0	0	0	0	0	0	0	0	0	0	0	0	11.3	0	0	0	0	0	0	0	0	0	0	0	0.1	0	0	0	0
1965	1	0	0	0	0	0	0	0	17.2	15.1	0	8.5	0	0	0	0	0	0	75	22	0	0	15	25.3	0	0	0	0	0	0	0	0
1965	2	0	0	0	0	0	0	0	0	0	0	0	0	0	0	0	0	0.3	0	0	0	0	0	0	0	0	0	0	0	0	-1	-1
1965	3	0	0	0	0	0	0	0	0	6.4	0.5	0	0	5.1	22	0	0	0	0	0	0	22.3	5.1	18.2	0	0	0	6.8	2.5	0	0	0
1965	4	0	0	0	15.2	0	0	5.1	0	0	0	0	0	47.3	0	0	0	0	68.2	0	0	4	0	35	0	0	0	0	25	0	0	-1
1965	5	1	0	5.1	0	0	0	0	0	0	0	0	0	0	0	0	0	0	0.5	0	0	0	0	0	0	0	0	0	0	5.1	0	0.3
1965	6	0	5.2	0	0.2	0	0	0	0	0	0	0	0	0	0	4.2	8.6	0	0	0	0	0	0	0	0	0	0	0	0	0	0	-1
1965	7	0	0	0	0	0	0	0	14	0	0	0	0	0	0	0	0	0	0	0	0	0	0	0	0	0	0	0	0	0	0	0
1965	8	0	0	0	0	0	0	0	0	0	0	0	0	0	0	0	0	0	0	0	0	0	0	0	0	0	0	0	0	0	0	0
1965	9	0	0	0	0	0	0	0	0	0	0	0	0	0	0	0	0	0	0	0	0	0	0	0	0	0	0	0	0	0	0	-1
1965	10	0	0	0	0	0	0	0	0	0	0	0	0	0	0	21.2	0	0	0	0	0	0	0	0	0	0	0	0	0	0	0	0
1965	11	0	0	0	0	0	0	0	0	0	0	0	0	0	0	0	0	0	0	0	0	0	0	0	0	0	0	0	0	0	0	-1
1965	12	0	0	0	0	0	0	0	0	0	0	0	0	0	0	0	0	0	0	0	0	0	42.3	0	0	0	0	0	0	0	0	0
1966	1	0	0	0	0	0	0	0	0	0	0	0	0	0	0	0	0	0	0	0	0	0	0	44.3	0	3.2	0	0	0	0	83.3	42.3
1966	2	8.3	0	0	0	0	42.1	0	18.4	0	45.2	0	0	0	0	0	0	0	5.2	10.1	0	0	0	0	0	0	0	0	0	-1	-1	-1
1966	3	8.3	5.2	5.5	0	0	0	0	10.1	0	6.3	4.2	43.5	0	0	5.1	0	0	0	0	0	0	0	0	0	0	0	0	0	0	0	0
1966	4	0	0	0	2.1	0	0	0	0	0	21.2	0	0	0	0	0	6	0	0	0	0	0	0	0	0	0	0	0	0	0	0	-1
1966	5	0	0	10	0	0	0	0	0	0	5.2	0	0	0	0	8.1	0	0	0	11	0	0	0	0	15	0	0	0	5	0	0	0
1966	6	0	0	0	0	0	0	0	0	0	0	0	0	0	0	0	0	0	0	0	0	0	0	0	0	0	0	0	0	0	0	-1
1966	7	0	0	0	0	0	0	0	0	0	0	0	0	0	0	0	0	0	0	0	0	0	0	0	0	0	0	0	0	0	0	0
1966	8	0	0	0	0	0	0	0	0	0	0	0	0	0	0	0	0	0	0	0	0	0	0	0	0	0	0	0	0	0	0	0
1966	9	0	0	0	0	0	0	0	0	0	0	0	0	0	0	0	0	0	0	0	0	0	0	0	0	0	0	0	0	0	0	-1
1966	10	0	0	0	0	0	0	0	0	0	0	0	0	0	0	0	0	0	0	0	0	0	0	0	0	0	0	0	0	0	0	0
1966	11	0	0	0	0	0	0	0	0	0	0	0	0	0	0	0	0	0	6	0	0	0	0	0	0	0	9.5	0	0	0	0	-1
1966	12	0	0	0	0	0	0	0	0	0	0	0	0	0	0	0	0	0	0	3.5	0	0	8.5	0	0	0	0	0	0	0	0	0
1967	1	0	11.2	0	0	0	0	0	0	0	0	0	0	7.9	5.3	0	0	0	0	0	0	0	0	0	10.2	0	0	0	0	0	0	0
1967	2	0	35.1	28.3	15.2	4.1	0	0	0	0	0	0	0	0	0	35.2	0	0	0	58.3	0	8.5	3.4	0	0	0	31.5	0	0	-1	-1	-1
1967	3	0	0	0	0	23.2	17.4	0	0	0	0	0	0	0	0	45.1	0	0	0	0	0	0	0	61.3	0	0	11.4	0	35.2	0	55.1	12.3
1967	4	0	15.2	10.1	0	50.1	0	55.2	17.1	0	0	0	25.3	35.1	0	0	10.1	0	0	0	0	8.3	0	0	0	55.4	0	0	0	0	0	-1
1967	5	0	6.1	0	0	0	52	0	0	0	0	18.1	0	0	0	0	0	15.3	0	0	0	0	21.2	0	0	14.2	0	0	0	0	0	0
1967	6	0	0	0	0	0	0	0	0	0	0	0	0	0	0	0	0	0	0	0	0	0	5.2	0	0	0	0	0	0	0	0	-1
1967	7	0	0	0	0	0	0	0	0	0	0	0	0	0	0	0	0	0	0	0	0	0	0	0	0	0	0	0	0	0	0	0
1967	8	0	0	0	0	0	0	0	0	0	0	0	0	0	0	0	0	0	0	0	0	0	0	0	0	0	0	0	0	0	0	0
1967	9	0	0	0	0	0	0	0	0	0	0	0	0	0	0	0	0	0	0	0	0	0	0	0	0	0	0	0	0	0	0	-1
1967	10	0	0	0	0	0	0	0	0	0	0	0	0	0	0	0	0	0	0	0	0	0	0	0	0	0	0	0	0	0	0	0
1967	11	0	0	0	0	0	0	0	0	0	0	0	0	0	0	0	0	0	0	0	0	0	0	0	0	0	0	0	0	0	0	-1
1967	12	0	0	0	0	0	0	0	0	0	0	0	0	0	0	0	0	0	0	0	0	0	0	0	0	0	0	10	8	0	0	0
1968	1	0	0	0	0	0	0	0	5	35	9.3	0	34.4	0	0	0	0	20.4	0	0	0	0	10.3	0	0	0	64.2	0	0	0	0	5.9
1968	2	0	0	0	0	0	0	28.2	0	0	0	0	0	15	0	0	0	0	0	60.5	0	0	0	0	0	0	15.1	0	0	0	-1	-1
1968	3	0	3.1	0	5.1	0	0.5	0	106.2	0	0	12.2	18.3	0	7.8	6.4	0	11.2	0	17.4	5.2	0	0	0	0	0	0	0	0	0	0	0
1968	4	0	0	11	0	0	0	0	20	0	0	21	0	0	0	0	26	0	0	0	0	10	0	0	0	0	0	0	0	0	0	-1
1968	5	0	0	15	0	0	10	0	0	0	0	0	0	12	0	0	0	0	0	13.5	0	0	0	0	0	0	0	0	0	0	0	0
1968	6	0	0	0	0	0	0	0	0	0	0	0	0	0	0	0	0	0	0	0	0	0	0	0	0	0	0	0	0	0	0	-1
1968	7	0	0	0	0	0	0	0	0	0	0	0	0	0	0	0	0	0	0	0	0	0	0	0	0	0	0	0	0	0	0	0
1968	8	0	0	0	0	0	0	0	0	0	0	0	0	0	0	0	0	0	0	0	0	0	0	0	0	0	0	0	0	0	0	0
1968	9	0	0	0	0	0	0	0	0	0	0	0	0	0	0	0	0	0	0	0	0	0	0	0	0	0	0	0	0	0	0	-1
1968	10	0	0	0	0	0	0	0	0	0	0	0	0	0	0	0	0	0	0	0	0	0	0	0	0	0	0	0	0	0	0	0
1968	11	0	0	0	0	0	0	0	0	0	0	0	0	0	0	0	0	0	0	0	0	0	0	0	0	0	0	0	0	0	0	-1
1968	12	0	0	0	0	0	0	0	0	0	0	28.2	15.1	0	5.1	8.4	0	0	0	0	0	0	0	0	0	0	21.2	0	0	0	0	0
1969	1	0	8.3	0	0	12.1	0	0	0	0	0	0	31.3	0	0	0	0	5.2	0	0	0	0	0	0	15.2	0	0	0	0	0	0	0
1969	2	0	0	0	0	0	0	0	0	0	15.3	0	0	0	0	8.1	0	0	0	0	0	18.2	0	0	0	0	0	0	5.4	-1	-1	-1
1969	3	0	0	0	0	0	0	0	0	115.2	10.8	0	0	0	0	18.1	0	0	0	0	0	0	0	0	0	0	0	0	0	0	0	0
1969	4	0	0	6.1	0	0	0	0	0	0	0	0	0	0	16.2	0	0	0	0	0	0	0	0	0	0	8.1	0	0	0	0	0	-1
1969	5	0	0	0	32.1	0	0	12.3	0	0	0	0	0	0	5.2	0	0	0	3.1	0	4.1	0	0	0	0	0	0	0	0	0	0	0
1969	6	0	0	0	0	0	0	0	0	5.1	0	0	0	0	0	0	0	0	0	16.2	0	0	0	0	0.4	0	0	0	0.3	0	0	-1
1969	7	0	0.4	0	0	0.3	0	0	0	0	0	0	0	0	0	0	0	0	0	0	0	0	0	0	0	0	0	0	0	0	0	0
1969	8	0	0	0	0	0	0	0	0	0	0	0	0	0	0	0	0	0	0	0	0	0	0	0	0	0	0	0	0	0	0	0
1969	9	0	0	0	0	0	0	0	0	0	0	0	0	0	0	0	0	0	0	0	0	0	0	0	0	0	0	0	0	0	0	-1
1969	10	0	0	0	0	0	0	0	0	0	0	0	0	0	0	0	0	0	0	0	14.3	0.8	10.7	0	0	0	0	0	0	0	0	0
1969	11	0	0	0	0	0	0	0	0	0	0	0	0	0	0	0	0	0	0	0	0	0	0	0	0	0	0	0	0	0	0	-1
1969	12	0	0	0	0	0	0	0	0	0	0	0	0	0	0	0	0	0	0	0	0	0	0	30.2	0	0	0	5.2	0	0	0	0
1970	1	0	0	0	0	0	0	0	0	0	0	0	0	0	0	0	0	0	35	0	0	50.3	0	49.2	0	20.3	0	0	0	0	0	0
1970	2	0	0	0	5.2	0	0	0	0	0	0	0	0	0	0	0	0	0	0	0	0	0	0	0	0	0	28.6	85.2	28.3	-1	-1	-1
1970	3	0	10.3	30.3	0	0	43.2	0	35.8	0.4	6.1	7.2	0	0	0	0	0	0	0	0	0	0	0	0	0	0	8	41.5	0	0	0	0
1970	4	0	0	0	0	0	0	0	0	0	0	0	0	0	0	0	0	0	0	1.8	0	0	24.6	0	12.3	17.5	0	0	0	0	0	-1
1970	5	0	0	0	0	0	0	0	0	0	0	0	0	0	0	0	0	0	0	0	0	0	0	0	0	0	0	0	0	0	0	0
1970	6	0	0	0	0	0	0	0	0	0	0	0	0	0	0	0	0	0	0	0	0	0	0	0	0	0	0	0	0	0	0	-1
1970	7	0	0	0	0	0	0	0	0	0	0	0	0	0	0	0	0	0	0	0	0	0	0	0	0	0	0	0	0	0	0	0
1970	8	0	0	0	0	0	0	0	0	0	0	0	0	0	0	0	0	0	0	0	0	0	0	0	0.5	5	0	0	0	0	0	0
1970	9	0	0	0	0	0	0	0	0	0	0	0	0	0	0	0	0	0	0	0	0	0	3.2	0	0	0	0	0	0	0	0	-1
1970	10	0	0	0	0	0	0	0	12.7	0	0	0	0	0	0	0	0	0	0	0	0	0	0	0	0	0	0	0	0	0	0	0
1970	11	0	0	0	0	0	0	0	0	0	0	0	0	0	0	0	0	0	0	0	0	0	0	0	0	0	0	0	0	0	0	-1
1970	12	0	0	0	0	0	0	0	0	0	0	0	0	0	0	0	0	0	0	0	0	0	0	0	0	0	0	0	0	0	0	0
1971	1	0	0	0	0	0	0	0	0	0	0	0	0	0	0	0	0	0	0	0	63.2	13.3	0	0	0	0	24.1	10.3	3.2	19.1	33.6	0
1971	2	0	0	43.2	0	0	0	0	31.5	0	0	0	0	0	0	0	0	57.4	0	0	0	18.3	0	8.2	5.2	0	13.3	6.2	0	-1	-1	-1
1971	3	6.1	0	0	0	62.3	0	2.1	0	0	0	0	0	0	0	0	0	5.6	4.4	0	0	2.5	0	0	0	0	28	8.4	0	7.5	33.7	18.4
1971	4	12.6	0	0	0	21.3	0	28.5	0	0	0	0	0	0	0	0	0	0	0	0	0	0	0	0	0	0	6.1	0	52.6	10.5	0	-1
1971	5	24.3	0	0	0	0	0	0	0	0	0	0	0	0	0	0	0	5.3	0	0	0	0	3.2	0	0	0	0	0	0	0	0	0
1971	6	0	0	0	0	0	0	0	0	0	0	0	0	0	0	0	0	0	0	0	0	0	0	0	0	0	0	0	10	0	0	-1
1971	7	0	0	0	0	0	0	0	0	0	0	0	0	0	0	0	0	0	0	0	0	0	0	0	0	0	0	0	0	0	0	0
1971	8	0	0	0	0	0	0	0	0	0	0	0	0	0	0	0	0	0	0	0	0	0	0	0	0	0	0	0	0	0	0	0
1971	9	0	0	0	0	0	0	0	0	0	0	0	0	0	0	0	0	0	0	0	0	0	0	0	0	0	0	0	0	0	0	-1
1971	10	0	0	0	0	0	0	0	0	0	0	0	0	0	0	0	0	0	0	0	0	0	35.8	0	0	0	0	0	0	0	0	0
1971	11	0	0	0	0	0	0	0	2.4	0	25.5	0	0	0	0	0	0	0	0	0	0	0	0	0	0	0	0	0	0	0	0	-1
1971	12	0	0	0	0	0	0	0	0	0	0	0	0	0	0	0	0	0	0	0	0	0	0	0	0	0	0	0	0	0	0	0
1972	1	0	0	0	0	0	0	11.2	0	0	0	0	0	0	0	0	0	0	0	0	13.1	0	0	0	0	0	0	0	0	0	0	0
1972	2	12.5	45.1	30.1	0	0	0	0	0	20.4	25	0	0	0	0	0	0	0	0	0	0	0	0	0	0	0	0	0	0	0	-1	-1
1972	3	0	0	5.1	0	0	0	0	0	0	0	0	0	0	0	3.1	0	36.2	0	0	2.3	0	0	0	0	25.2	0	0	0	0	0	0
1972	4	0	0	0	0	0	0	0	0	2.1	0	0	0	0	0	0	0	0	0	0	0	0	0	0	0	0	0	0	0	0	0	-1
1972	5	33.1	0	0	0	0	0	13.9	0	0	1.9	0	0	0	0	0	0	16.4	0	3.1	0	0	2.1	3.2	50.1	0	0	0	0	0	0	0
1972	6	0	0	0	0	24.2	0	0	0	0	0	0	0	0	0	0	0	0	0	0	0	0	0	0	0	0	0	0	0	0	0	-1
1972	7	0	0	0	0	0	0	0	0	0	0	0	0	0	0	0	0	0	0	0	0	0	0	0	0	0	0	0	0	0	0	0
1972	8	0	0	0	0	0	0	0	0	0	0	0	0	0	0	0	13.2	0	0	0	0	0	0	0	0	0	3.4	0	0	0	0	0
1972	9	0	0	0	0	0	0	0	0	0	0	0	0	0	0	0	0	0	0	0	0	0	0	0	0	0	0	0	0	0	0	-1
1972	10	0	0	0	0	0	0	0	0	0	0	0	0	0	0	0	0	0	0	0	0	0	0	0	0	0	0	0	0	0	0	0
1972	11	0	0	0	0	0	0	0	0	0	0	0	0	0	0	0	0	0	0	0	0	0	0	0	0	0	0	0	0	0	0	-1
1972	12	0	0	0	0	0	0	0	0	0	0	0	0	0	0	0	0	0	0	0	33.2	0	65.6	0	0	6	0	0	0	0	0	0
1973	1	0	0	0	0	0	0	0	0	10	51	0	0	0	0	0	19	0	0	0	3.2	0	0	0	0	14	0	0	0	0	0	0
1973	2	0	24	0	0	3	0	0	0	0	0	0	16.2	0	0	0	0	0	16	0	0	0	0	11	12	0	0	0	0	-1	-1	-1
1973	3	0	0	0	0	55	0	0	0	0	0	0	78.5	0	9	10	0	0	0	0	0	0	17.5	18.5	0	0	17.7	0	0	0	0	0
1973	4	0	14	0	0	6.5	0	2.5	0	0	52	0	57.5	0	0	45.5	0	0	47.5	0	6	0	0	0	0	0	30	106.5	2	0	0	-1
1973	5	0	0	0	0	0	11	0	0	0	0	0	0	0	0	6.5	0	0	0	0	0	0	0	26	0	18	0	0	0	0	0	0
1973	6	0	0	0	0	16.5	0	0	0	0	0	0	0	0	0	0	0	0	0	0	0	0	0	0	0	0	0	0	0	0	0	-1
1973	7	0	0	0	0	0	0	0	0	0	0	0	0	0	0	0	0	0	0	0	0	0	0	0	0	0	0	0	0	0	0	0
1973	8	0	0	0	0	0	0	0	0	0	0	0	0	0	0	0	0	0	0	0	0	0	0	0	0	0	0	0	0	0	0	0
1973	9	0	0	0	0	0	0	0	0	0	0	0	0	0	0	0	0	0	0	0	0	0	0	0	47	0	0	0	0	0	0	-1
1973	10	0	0	0	0	0	0	0	0	0	0	0	0	0	0	0	0	0	0	0	0	0	0	0	0	0	0	0	0	0	0	0
1973	11	0	0	0	0	0	0	0	0	0	0	0	0	0	0	0	0	0	0	0	0	0	0	0	0	0	0	0	0	0	0	-1
1973	12	0	0	0	0	0	0	8	0	0	0	23	0	0	0	0	0	0	0	0	0	0	0	0	0	0	0	0	0	0	0	0
1974	1	0	0	0	0	0	0	0	0	0	0	0	77	11	0	11	25	0	18	36	15	0	52	0	0	0	0	0	0	0	0	16
1974	2	16	27	0	24	11	2	40	0	4	0	0	45	23	26	11	0	13	0	0	0	0	0	51	23	40	29	0	6	-1	-1	-1
1974	3	28	2	2	0	0	4	14	31	31	0	38	7	0	0	0	0	0	0	8	9	137	5	0	16	6	0	0	0	34	0	0
1974	4	0	8	9	17	0	3	0	0	0	0	13	20	0	0	0	58	0	15	52	11	52	0	0	13	0	0	2	0	0	0	-1
1974	5	0	0	0	0	0	0	0	6	0	0	0	0	0	0	0	0	0	0	0	0	0	0	0	0	0	0	0	0	0	0	0
1974	6	0	0	0	0	0	0	0	0	0	0	0	0	0	0	0	0	0	0	0	0	0	0	0	0	0	0	0	0	0	0	-1
1974	7	0	0	0	0	0	0	0	0	0	0	0	0	0	0	0	0	0	0	0	0	0	0	0	0	0	0	0	0	0	0	0
1974	8	0	0	0	0	0	0	0	0	0	0	0	0	0	0	0	0	0	0	0	0	0	0	0	0	0	0	0	0	0	0	0
1974	9	0	0	0	0	0	0	0	0	0	0	0	4	0	0	0	0	31	0	0	0	0	0	2	0	0	0	0	0	0	0	-1
1974	10	0	0	0	0	0	0	0	0	0	34	33	0	0	3	0	0	0	0	0	0	0	0	0	0	0	0	0	0	0	0	0
1974	11	0	0	0	0	0	0	0	0	0	0	0	0	5	0	0	3	0	0	0	0	0	0	0	0	0	0	0	0	0	0	-1
1974	12	0	0	0	10	40	0	0	0	0	3	0	44	0	0	0	0	0	0	0	0	0	0	0	0	0	28	0	0	0	0	0
1975	1	0	0	4	0	0	0	0	0	0	0	0	0	0	0	0	0	40	46	84	31	0	7	0	2	0	0	0	4	0	3	0
1975	2	0	0	0	3	0	0	0	14	0	24	5	19	3	0	0	24	3	4	22	0	0	0	21	4	0	0	12	32	-1	-1	-1
1975	3	0	12	12	7	3	45	21	40	9	3	0	0	36	0	3	0	18	0	0	7	0	11	0	0	26	3	0	4	60	5	0
1975	4	12	0	0	6	0	0	0	0	9	3	12	0	0	9	0	0	8	0	0	5	0	8	0	49	0	0	21	0	0	0	-1
1975	5	8	0	0	0	0	0	0	0	0	0	0	12	0	0	0	0	0	0	8	0	0	0	0	0	0	0	0	0	0	0	0
1975	6	0	0	0	9	0	0	0	0	0	0	0	0	0	0	0	0	4	0	6	0	0	0	0	0	16	0	0	22	0	0	-1
1975	7	0	0	0	0	2	0	0	0	0	0	0	0	0	0	0	0	7	0	0	0	0	0	0	0	0	0	0	0	0	0	0
1975	8	0	0	0	0	0	0	0	0	0	0	0	0	0	0	0	0	0	0	0	0	0	0	0	0	0	0	0	0	0	0	0
1975	9	0	0	0	0	0	0	0	0	0	0	0	0	0	0	0	0	0	0	0	0	0	0	0	0	0	0	0	0	0	0	-1
1975	10	0	0	0	0	0	0	0	0	0	0	0	0	0	0	0	0	0	0	0	0	0	0	0	0	0	0	0	0	0	0	0
1975	11	0	0	0	0	0	0	0	0	0	0	0	0	0	0	0	0	0	0	0	0	0	0	0	0	0	0	0	0	0	0	-1
1975	12	0	0	0	0	0	0	0	0	0	0	0	0	0	0	0	0	0	0	0	0	0	0	0	0	0	0	27	2	8	3	0
1976	1	6	4	0	0	0	0	0	0	0	0	0	0	0	0	0	0	6	0	6	0	3	0	0	0	0	0	8	0	0	0	0
1976	2	0	0	0	0	0	0	0	25	0	0	0	56	9	26	60	0	33	0	0	0	13	0	8	8	56	0	0	0	17	-1	-1
1976	3	0	0	0	0	0	2	12	127	4	0	0	0	0	0	4	0	13	0	0	0	0	17	0	0	0	0	59	17	17	0	5
1976	4	25	21	10	0	0	0	0	0	0	24	34	0	0	0	0	0	0	0	0	0	0	0	0	0	0	0	0	0	0	0	-1
1976	5	0	0	0	2	0	0	0	0	0	0	0	0	0	0	0	0	0	9	0	0	0	0	0	0	0	0	0	0	0	0	0
1976	6	0	0	0	0	0	0	0	0	0	0	0	0	0	0	0	0	0	0	0	0	0	0	0	0	0	0	0	0	0	0	-1
1976	7	0	0	0	0	0	0	0	0	0	0	0	0	0	0	0	0	0	0	0	0	0	0	0	0	0	0	0	0	0	0	0
1976	8	0	0	0	0	0	0	0	0	0	0	0	0	0	0	0	0	0	0	0	0	0	0	0	0	0	0	0	0	0	0	0
1976	9	0	0	0	0	0	0	0	0	0	0	0	0	0	0	0	0	0	0	0	0	0	0	0	0	40	53	0	0	0	0	-1
1976	10	0	0	0	0	0	0	0	0	0	0	0	0	0	0	22	0	20	0	28	2	21	0	0	0	0	0	0	0	0	0	0
1976	11	0	0	0	0	0	0	0	0	0	0	0	0	0	110	0	0	0	0	0	0	0	0	0	0	0	0	54	0	15	34	-1
1976	12	0	0	13	0	0	0	0	0	0	0	0	0	10	4	0	0	0	0	0	33	5	0	0	0	0	0	0	0	0	0	53
1977	1	0	0	34	0	0	0	0	0	0	25	0	2	13	0	0	0	12	0	0	0	22	0	5	0	0	48	0	2	1	0	5
1977	2	0	0	8	2	10	0	6	13	0	0	0	0	0	0	12	0	0	0	42	0	0	58	2	10	4	0	0	19	-1	-1	-1
1977	3	0	0	45	40	48	0	0	5	57	4	28	7	0	0	0	0	11	5	0	9	0	3	0	0	0	0	5	0	0	0	139
1977	4	0	0	0	68	0	0	0	0	0	0	0	0	0	0	35	0	0	0	0	0	7	0	0	0	0	0	0	0	0	0	-1
1977	5	0	0	0	0	0	0	0	0	0	11	0	20	0	0	0	0	0	0	0	0	0	0	0	0	0	0	0	21	4	0	0
1977	6	0	0	0	5	5	0	0	0	0	0	0	2	0	0	0	0	0	0	0	0	0	0	0	0	0	0	0	0	0	0	-1
1977	7	0	0	0	0	0	0	0	0	0	0	0	0	0	0	0	0	0	0	0	0	0	0	0	0	0	0	0	0	0	0	0
1977	8	0	0	0	0	0	0	0	0	0	0	0	0	0	0	0	0	0	0	0	0	0	0	0	0	0	0	0	0	0	0	0
1977	9	0	0	0	0	0	0	0	0	0	0	0	0	0	0	0	0	0	0	0	0	0	0	0	0	0	0	0	0	0	0	-1
1977	10	0	0	0	0	2	0	0	0	0	0	0	2	0	0	0	0	0	0	0	0	0	0	0	0	0	0	0	0	0	0	0
1977	11	0	0	0	0	0	0	0	0	0	0	0	0	0	6	0	0	0	0	0	0	0	0	0	0	0	0	0	0	0	0	-1
1977	12	0	0	0	0	0	0	0	0	0	0	6	0	84	0	88	24	6	0	0	0	0	0	0	0	0	0	0	0	0	0	0
1978	1	0	0	2.2	0	0	10.1	0	0	0	35.2	3.1	0	0	0	8.1	11.2	0	0	0	5.3	0	8.1	0	0	12.3	0	0	0	3.2	0	0
1978	2	3.1	8.2	4	0	0	0	8.7	18.3	0	32	24	28	49	1.2	0	0	4.2	5.1	0	0	0	0	0	30	8.2	26.1	16	6	-1	-1	-1
1978	3	2	1.2	15	3	4.1	6.2	10.1	6.3	0	2	4.1	3	17.1	3.2	0	4	0	0	0	0	1.1	0	0	0	0.2	4.2	31.1	0	0	0	0
1978	4	0	0	3	0	0	18.1	0	0	0	7.1	0	0	0	0	0	0	0	0	0	0	0	66.1	7	82.2	2.1	8	22.2	0	0	58	-1
1978	5	15	0	38.1	54.2	2	0	0	0	0	0	0	0	14	0	1	0	6.1	0	0	0	0	0	0	0	0	0	0	0	4	0	0
1978	6	0	0	0	0	0	0	0.3	0	0	0	0	0	0	0	0.2	0	0	0	0	0	0	0.4	0	0	0	0.4	0	1	0	0	-1
1978	7	0	0	0	0	0	0	0	0	0	28	0	0	0	0	0	0	0	0	0	0	0	0	0	0	0	0	0	8.1	2.2	0	0
1978	8	0	0.3	0.2	0	0	0	0	0	0	0.2	0	0	0	0	0	0	0	0	0	0	0	0	0	0	0	0.1	0.2	0	0	0	0
1978	9	0	0	0	0	0	0	0	0	0	0	0	0	0	0	0	0	0	0	0	0	0	0	1	0.4	3.1	0	0	0	0	0	-1
1978	10	0	0	0	0	0	0.3	0	0	0	0	0	0	0	0	10.1	0	0	0	0	0.2	0	0	0	0	0	0	0	0	0	0	0
1978	11	0	0	0	0	0	0	0	0	0	0	0	0	0	20.2	6.1	4	2.1	0	0	0	0	0	0	0	0	0	0	10.2	4	3.2	-1
1978	12	0	0.3	0.4	4	21	3.2	20.3	1	0	0.2	0	0	0	0	0.4	0	0	0	0	0	0	0	0	0	0.3	0	10.3	0	1.2	5.1	0
1979	1	0	0	0	0	0	0	0	0	0	0	0	0	0	0	76	0	0	0	0	0	0	0	0	9	0	0	0	0	5	0	0
1979	2	0	0	0	12.3	0	0	0	9.5	0	0	0	0	0	3.9	0	0	0	0	0	0	0	2.5	0	0	0	0	0	0	-1	-1	-1
1979	3	0	0	18.5	0	0	0	0	0	0	31.8	12	28	0	5.3	3.2	10.5	0	0	0	0	0	0	0	0	4.6	0	20.4	0	5.1	0	21.3
1979	4	0	0	0	0	0	0	19.5	0	0	21	0	0	0	0	0	0	0	0	0	0	0	0	0	2.3	34.2	0	0	0	23	0	-1
1979	5	5.3	0	21.5	0	0	0	0	0	0	5.6	0	0	0	0	0	0	0	0	0	0	0	0	0	0	0	0	0	0	0	0	0
1979	6	0	0	0	0	0	0	0	0	0	0	0	0	0	0	0	0	0	0	0	0	0	0	0	0	0	0	0	0	0	0	-1
1979	7	0	0	0	0	0	0	0	0	0	0	0	0	0	0	0	0	0	0	0	0	0	0	0	0	0	0	0	0	0	0	0
1979	8	0	0	0	0	0	0	0	0	0	0	0	0	0	0	0	0	0	0	0	0	0	0	0	0	0	0	0	0	0	0	0
1979	9	0	0	0	0	0	0	0	0	0	0	0	0	0	0	0	0	0	0	0	0	16.6	32.3	0	0	0	0	0	0	0	0	-1
1979	10	0	0	0	0	0	0	0	0	0	0	0	0	0	0	0	0	0	0	0	0	0	0	0	0	0	0	0	0	0	0	5.2
1979	11	0	0	0	0	0	0	0	0	0	0	0	0	0	0	0	0	0	0	0	0	0	0	0	0	0	0	0	0	0	8.1	-1
1979	12	0	0	0	0	0	0	0	0	0	0	0	0	0	30.3	0	0	0	0	0	0	0	0	0	0	0	0	0	0	0	0	0
1980	1	0	0	0	126	0	0	0	0	0	10.5	0	6.2	0	46.3	16	2	0	0	7	0	0	11.2	0	0	0	0	0	0	0	0	0
1980	2	0	0	0	0	16.1	0	13	0	0	3.5	0	28.3	12.4	4.3	2.3	60.1	71.3	58.2	28	22	58	42	25	8	10	0	16	0	18.2	-1	-1
1980	3	14	15.4	4	21	15	0	0	0	0	0	0	0	0	34.5	21	0	0	0	0	0	0	0	0	0	0	0	0	0	0	0	0
1980	4	0	0	0	11	0	0	0	0	27	0	0	0	0	0	0	0	0	0	0	0	0	0	0	0	0	0	0	0	0	0	-1
1980	5	0	14.5	0	21.3	29.7	0	0	0	0	0	0	0	0	0	0	0	0	0	0	0	0	0	0	0	0	0	0	0	0	0	0
1980	6	0	0	0	0	0	0	0	0	0	0	0	0	0	0	0	0	0	0	0	0	0	0	0	0	0	0	0	0	0	0	-1
1980	7	0	0	0	0	0	0	0	0	0	0	0	0	0	0	0	0	0	0	0	0	0	0	0	0	0	0	0	0	0	0	0
1980	8	0	0	0	0	0	0	0	0	0	0	0	0	0	0	0	0	0	0	0	0	0	0	0	0	0	0	0	0	0	0	0
1980	9	0	0	0	0	0	0	0	0	0	0	0	0	0	0	0	0	0	0	0	0	0	0	0	0	0	0	0	0	0	0	-1
1980	10	0	0	0	0	0	0	0	0	0	0	0	0	0	0	0	0	0	0	0	0	0	0	0	0	0	16	0	0	0	10	0
1980	11	0	0	0	0	0	0	0	0	0	0	0	27.4	12	0	8	0	5	0	0	0	0	0	0	0	0	0	0	0	0	0	-1
1980	12	0	0	14	0	0	0	0	0	0	0	0	0	0	0	0	0	4	4	50	0	0	0	0	0	0	0	48	0	5	0	0
1981	1	0	0	0	0	0	5	0	0	0	0	0	0	0	0	0	0	0	0	0	0	0	0	0	0	0	0	0	0	0	0	0
1981	2	0	0	0	0	0	20.2	17.2	13.4	0	0	0	0	0	0	0	0	0	0	0	0	0	0	0	0	0	0	0	0	-1	-1	-1
1981	3	0	0	0	0	0	0	0	0	0	0	0	0	0	20.2	62	39	81.3	8	25.2	8.3	0	0	35	95	38.3	10.6	0	10	0	12.2	10.5
1981	4	12.1	57	16.4	0	0	0	0	0	0	0	0	0	0	0	0	6.2	0	0	0	0	0	0	0	0	0	0	0	0	0	0	-1
1981	5	0	0	0	0	0	0	0	0	0	0	0	0	0	0	0	0	0	0	0	0	0	0	0	0	0	0	0	0	0	0	0
1981	6	0	0	0	0	0	24	0	0	0	0	0	0	0	0	0	0	0	0	0	0	0	0	0	0	0	0	0	0	0	0	-1
1981	7	0	0	0	0	0	0	0	0	0	0	0	0	0	0	0	0	0	0	0	0	0	0	0	0	0	0	0	0	0	0	0
1981	8	0	0	0	0	0	0	0	0	0	0	0	0	0	0	0	0	0	0	0	0	0	0	0	0	0	0	0	0	0	0	0
1981	9	0	0	0	0	0	0	0	0	0	0	0	0	0	0	0	0	0	0	0	0	0	0	0	0	0	0	0	0	0	0	-1
1981	10	0	0	0	0	0	0	0	0	0	0	0	0	0	0	0	0	0	0	0	0	0	0	0	0	0	0	0	0	0	0	0
1981	11	0	0	0	0	0	0	0	0	0	0	0	0	0	0	0	0	0	0	0	0	0	0	0	0	0	0	0	0	0	0	-1
1981	12	0	0	0	0	0	0	0	28	0	0	0	0	0	0	0	0	0	0	0	0	11.2	2.3	0	35	0	0	0	0	0	0	0
1982	1	0	0	0	0	0	2.4	23.6	0	0	4.2	8.3	0	0	0	0	0	0	0	0	0	0	45	0	0	0	0	56.2	0	10	14	29.5
1982	2	0	0	0	0	0	0	0	0	0	0	0	0	0	9	0	0	16	31	2.5	0	0	0	0	0	0	32.7	25	0	-1	-1	-1
1982	3	0	0	0	0	0	0	0	0	13	6	0	21	0	0	0	0	3.5	6.5	0	0	0	4.5	0	0	0	6.5	0	0	20	2	0
1982	4	0	0	0	0	0	0	0	0	0	0	0	0	0	0	71.5	5	0	21	25	0	0	0	0	13.5	0	0	0	0	0	0	-1
1982	5	0	0	0	0	0	0	0	0	0	0	0	0	14	0	0	0	0	0	0	0	0	0	0	0	0	0	0	0	0	0	0
1982	6	0	0	0	0	0	0	0	0	0	0	0	0	0	0	0	0	0	0	0	0	0	0	0	0	0	0	0	0	0	0	-1
1982	7	0	0	0	0	0	0	0	0	0	0	0	0	0	0	0	0	0	0	0	0	0	0	0	0	0	0	0	0	0	0	0
1982	8	0	0	0	0	0	0	0	0	0	0	0	0	0	0	0	0	0	0	0	0	0	0	0	0	0	0	0	0	0	0	0
1982	9	0	0	0	0	0	0	0	0	0	0	0	0	0	0	0	0	0	0	0	0	0	0	0	0	0	0	0	0	0	0	-1
1982	10	0	0	0	0	0	0	0	0	0	0	0	0	0	0	0	0	0	0	0	0	0	0	0	0	0	0	0	0	0	0	0
1982	11	0	0	0	0	0	0	0	0	0	0	0	0	0	0	0	0	0	0	0	0	0	0	22	0	0	0	0	0	0	0	-1
1982	12	0	0	0	0	0	0	0	0	0	0	0	0	0	0	0	0	0	0	0	0	0	0	0	4	10	36	0	0	0	8	75
1983	1	0	0	0	0	0	0	0	0	0	0	0	0	0	0	0	0	0	0	0	0	0	0	0	0	0	0	16	0	0	0	0
1983	2	0	0	0	20	22	13.7	0	6	0	3	0	0	13	15	0	0	0	0	0	6	0	0	0	0	0	0	0	0	-1	-1	-1
1983	3	0	0	0	0	0	0	6.2	20	4	8	4.2	0	0	0	0	0	0	8	60	0	0	0	33.2	0	0	0	27.2	11.2	0	0	0
1983	4	0	0	0	0	25.3	9.2	8.5	0	0	0	0	0	0	0	0	0	0	0	0	0	0	0	0	0	0	0	0	0	0	0	-1
1983	5	0	0	2	0	0	0	0	0	0	0	0	0	0	0	0	0	0	0	0	0	0	0	0	0	0	0	0	0	0	0	0
1983	6	0	0	0	0	0	0	0	0	0	0	0	0	0	0	0	0	0	0	0	0	0	0	0	0	0	0	0	0	0	0	-1
1983	7	0	0	0	0	0	0	0	0	0	0	0	0	0	0	0	0	0	0	0	0	0	0	0	0	0	0	0	0	0	0	0
1983	8	0	0	0	0	0	0	0	0	0	0	0	0	0	0	0	0	0	0	0	0	0	0	0	0	0	0	0	0	0	0	0
1983	9	0	0	0	0	0	0	0	0	0	0	0	0	0	0	0	0	0	0	0	0	0	0	0	0	0	0	0	0	0	0	-1
1983	10	0	0	0	0	0	0	0	0	0	0	0	0	0	0	0	0	0	0	0	0	0	0	0	0	0	0	0	0	0	0	0
1983	11	0	0	0	0	0	0	0	0	0	0	0	0	0	0	0	0	0	0	0	0	0	0	0	0	0	0	0	0	0	0	-1
1983	12	0	2.2	0	0	0	0	0	0	0	0	0	0	0	0	0	0	0	0	0	10	0	0	0	0	0	0	7.5	0	0	0	0
1984	1	0	0	0	0	0	0	0	5	17	18.1	6.1	0	0	0	0	0	8	0	0	0	0	0	0	0	0	0	0	0	0	8	0
1984	2	2	0	0	44	0	0	0	0	0	0	14	0	0	4	0	0	3	0	0	24	0	0	0	0	0	0	0	8	0	-1	-1
1984	3	27	69	0	0	5	25	0	12	0	14	0	0	0	0	71.3	25	16	11	0	0	0	0	9.2	23	6.5	18	0	0	45	0	0
1984	4	0	5	0	65	0	10	16	3	0	0	14	0	0	12	0	83	31.2	0	64.2	21.3	24	0	25.4	0	0	0	0	0	12.2	0	-1
1984	5	0	0	0	0	0	0	0	0	0	0	0	0	16	14	0	0	0	0	0	0	0	0	0	0	0	0	0	0	0	0	0
1984	6	0	0	0	0	0	0	0	0	0	0	0	0	0	0	0	0	0	0	0	0	0	0	0	0	0	0	0	0	0	0	-1
1984	7	0	0	0	0	0	0	0	0	0	0	0	0	0	0	0	0	0	0	0	0	0	0	0	0	0	0	0	0	0	0	0
1984	8	0	0	0	0	0	0	0	0	0	0	0	0	0	0	0	0	0	0	0	0	0	0	0	0	0	0	0	0	0	0	0
1984	9	0	0	0	0	0	0	0	0	0	0	0	0	0	0	0	0	0	0	0	0	0	0	0	0	0	0	0	0	0	0	-1
1984	10	0	0	0	0	0	0	0	0	0	0	16	0	0	0	0	0	0	0	0	0	0	0	0	0	0	0	11	0	5	0	0
1984	11	0	0	0	0	13	0	0	0	0	0	0	0	0	0	13	0	0	0	0	0	0	0	0	0	0	0	0	0	0	0	-1
1984	12	0	0	0	0	10.3	0	18	0	0	0	0	0	0	0	0	0	0	0	0	0	0	0	0	0	0	0	0	0	0	0	18.3
1985	1	0	0	0	0	0	0	34	0	0	0	60	22.3	0	0	14.3	0	5.2	18.2	29.1	20	77.3	30.3	1	0	0	0	0	12.3	2.2	0	15.2
1985	2	0	0	24	40	9.2	17	0	0	0	0	19	0	69	15	12	0	46	42	80	12	17	0	0	0	0	0	0	42	-1	-1	-1
1985	3	0	0	0	16	0	0	11	0	17	0	0	0	0	21	0	40	0	0	48	47	15	20	0	40	0	16	32	35	0	0	0
1985	4	12	8	133	0	8	0	0	21	0	11	0	16	12	30	0	10	0	0	0	0	20	0	0	0	40	0	0	70	0	42	-1
1985	5	20	40	12	0	0	0	0	0	0	0	0	0	0	0	0	0	0	0	0	0	0	0	0	0	0	0	0	0	0	0	0
1985	6	0	0	0	0	0	135	0	0	0	0	0	28	0	0	0	0	0	0	0	0	0	0	0	0	0	0	0	0	0	0	-1
1985	7	0	0	0	0	0	0	0	0	0	0	0	0	0	0	0	0	52	0	14	0	0	0	0	0	0	0	0	0	0	0	0
1985	8	0	0	0	0	0	0	0	0	0	0	0	0	0	0	0	0	0	0	0	0	0	0	0	0	15	0	0	0	0	0	0
1985	9	0	0	0	0	0	0	0	0	0	0	0	0	0	0	0	0	0	0	0	0	0	0	0	0	0	0	0	0	0	0	-1
1985	10	0	0	0	0	0	0	0	0	0	0	0	0	0	0	0	0	0	0	0	0	0	0	0	0	0	0	0	0	0	0	0
1985	11	0	0	0	0	0	0	0	0	52	0	0	0	0	0	0	0	0	0	0	0	0	0	0	0	0	0	0	0	0	0	-1
1985	12	0	0	0	0	0	0	0	10	0	0	0	0	0	0	13	0	0	0	9	0	0	0	8	47.2	0	12	0	0	0	0	4
1986	1	0	20	0	0	0	0	0	0	2	25	0	0	0	0	26.1	0	0	0	0	0	0	0	0	0	0	0	0	0	0	20	0
1986	2	20	20	0	0	42	6	10	0	0	0	0	0	0	0	0	8	6	0	0	2	2	0	0	0	25	28	14	0	-1	-1	-1
1986	3	0	0	50	0	12	11.4	12.1	67	0	10	0	13	0	65	0	0	17	0	0	0	38	35	6.3	0	0	28.2	0	45	64	48	31.3
1986	4	1.3	0	15.4	0	15.3	0	0	34.2	4.2	0	0	0	0	12	20.4	30.3	5.2	0	0	0	12	0	6	8.3	50	0	12	6	0	103	-1
1986	5	49.1	0	0	5	0	12	20.2	0	0	0	0	0	0	0	0	0	0	0	0	0	0	0	0	0	0	0	0	0	0	0	0
1986	6	0	39	105.2	0	0	0	0	0	0	0	0	0	0	0	0	0	0	0	0	0	0	0	0	0	0	0	0	0	0	0	-1
1986	7	0	0	0	0	0	0	0	0	0	0	0	0	0	0	0	0	0	0	0	0	0	0	0	0	0	0	0	0	0	0	0
1986	8	0	0	0	0	0	0	0	0	0	0	0	0	0	0	0	0	0	0	0	0	0	0	0	0	0	0	0	0	0	0	0
1986	9	0	0	0	0	0	0	0	0	0	0	0	0	0	0	0	0	0	0	0	0	0	0	0	0	0	0	0	0	0	0	-1
1986	10	0	13.2	55.3	0	0	0	0	0	0	37.5	0	0	6.5	0	0	0	0	0	21	0	0	0	0	0	11	0	0	0	0	0	0
1986	11	0	0	0	3.4	0	0	0	0	0	0	0	0	0	0	0	6	8.2	0	0	0	52	0	0	45	15	0	0	0	0	0	-1
1986	12	0	63	0	0	0	0	0	0	0	0	0	0	0	0	0	0	0	0	0	0	0	0	0	0	0	0	0	0	0	0	67
1987	1	0	0	0	0	0	0	0	0	81	25	0	0	0	0	0	0	0	0	0	3	8	0	0	0	0	0	0	0	0	0	0
1987	2	0	0	0	0	0	0	0	5.5	44.2	2	4.2	62	6.2	6.1	0	2	3	0	0	0	0	0	0	0	0	0	0	0	-1	-1	-1
1987	3	0	50	20.5	0	5.1	0	0	0	12	0	0	6.2	2.1	1	2	0	10.1	0	0	115	0	21.5	0	33	0	0	11	0	7	118.2	40
1987	4	31.3	4.1	6.3	0	2.3	4.2	0	0	6.1	3.3	0	15	0	0	10.1	0	0	9	12.1	0	0	0	0	0	0	0	10	0	4.6	0	-1
1987	5	0	0	10	50.1	0	0	0	0	0	0	0	0	0	0	0	0	0	0	0	0	0	0	0	0	0	0	0	0	0	0	9.2
1987	6	0	0	0	0	0	19.4	0	0	0	0	0	0	2	0	0	1	0	0	0	30	0	0	0	0	0	0	0	0	0	0	-1
1987	7	0	0	0	0	0	0	0	0	0	0	0	0	0	0	0	0	0	0	0	0	0	0	0	0	0	0	0	0	0	0	0
1987	8	0	0	0	0	0	0	0	0	0	0	0	0	0	4	0	0	0	0	0	0	0	0	0	0	0	0	0	0	0	0	0
1987	9	0	0	0	0	0	0	0	0	0	0	0	0	0	0	0	0	0	0	0	0	0	0	0	0	0	0	0	0	0	0	-1
1987	10	0	0	0	0	0	24.3	0	0	0	0	0	0	0	0	0	0	0	0	0	0	0	0	0	0	0	0	0	0	0	0	0
1987	11	0	0	0	0	0	0	0	0	0	0	0	25	0	0	12	0	0	0	0	0	0	0	0	0	0	0	0	0	0	0	-1
1987	12	0	0	0	0	0	0	0	0	0	0	0	0	0	0	0	0	0	0	0	0	0	0	0	0	0	0	0	0	0	0	0
1988	1	0	0	0	0	0	0	0	0	0	0	7	14.2	34	0	0	0	0	1.4	0	0	37	0	2.1	0	0.5	0	10.4	0	0	0	0
1988	2	0	0	1.2	32.1	0	0	0	0	0	0	0	0	8.3	0	0	0	17.2	0	24	0	0	3	0	0	38	0	0	0	0	-1	-1
1988	3	46.5	0	0	0	0	0	0	0	0	3.3	35	4.2	0	33.1	0	63	3.1	0	5.3	0	0	14	15	9.5	11	0	0	0	0	10	0
1988	4	16.2	47.2	0	0	0	0	0	0	10.2	6.3	5	0	0	4.4	34.1	0	0	32.2	4.4	0	13.3	38	19	0	20	0	8.2	0	0	0	-1
1988	5	13	0	0	0	0	0	0	0	0	0	0	0	0	0	0	12.1	0	0	0	0	0	0	0	0	0	0	42	0	0	0	0
1988	6	0	0	0	0	0	0	0	0	0	0	0	0	0	0	0	0	0	0	0	0	0	0	4	0	0	0	0	0	6	0	-1
1988	7	0	0	0	0	0	0	0	0	0	0	0	0	0	0	0	0	0	0	0	0	0	0	0	0	0	0	0	0	0	0	0
1988	8	0	0	0	0	0	0	0	0	0	0	0	0	0	0	0	0	0	0	0	0	0	0	0	0	0	0	0	0	0	0	0
1988	9	0	6	0	0	0	0	0	0	0	0	0	0	0	0	0	0	0	0	0	0	0	0	0	0	0	0	0	0	0	0	-1
1988	10	0	0	0	0	0	0	0	0	0	0	0	0	0	0	0	0	22	0	0	0	0	0	0	0	0	0	0	2	0	0	0
1988	11	0	0	0	0	0	0	0	0	0	13	0	0	0	0	0	0	0	0	0	0	0	0	0	0	0	0	0	0	0	0	-1
1988	12	0	4	0	0	0	0	0	10	15	0	0	0	0	35	0	0	8	0	11	0	0	0	10	0	1	0	0	4	0	0	0
1989	1	28.3	0	0	0	0	0	0	0	4	0	0	11	0	7.5	2.5	0	0	0	0	0	9.5	0	0	0	54	0	11	25	0	0	0
1989	2	0	0	0	0	0	0	0	0	0	11	0	53	0	0	0	0	0	0	0	0	0	0	0	0	0	0	0	0	-1	-1	-1
1989	3	0	0	0	0	0	0	0	0	0	0	0	17	0	0	0	0	0	24.5	31	1.5	13	51	1	0	15.5	18.5	0	0	19	0	0
1989	4	0	30	5	40	13	5	10	14.5	22	0	14.5	9.5	10	0	0	0	0	0	0	0	0	0	14	9	0	0	0	47	5	100	-1
1989	5	0	0	14.5	10	10	0	0	0	0	35	6	10	0	0	0	0	0	0	0	0	0	10	0	0	0	0	0	0	27	61.5	14.7
1989	6	0	0	0	0	0	0	0	0	10	0	0	0	0	0	0	0	0	0	0	0	0	0	0	0	0	0	0	0	0	0	-1
1989	7	0	0	0	0	0	0	0	0	10	0	0	0	0	0	0	0	0	0	0	0	0	0	0	0	0	0	0	0	0	0	0
1989	8	0	0	0	0	0	0	0	0	0	0	0	0	0	0	0	0	0	0	0	0	0	0	0	0	0	0	0	0	0	0	0
1989	9	0	0	0	0	0	0	0	0	0	0	0	0	0	0	0	0	0	0	0	0	0	0	0	0	0	0	0	0	0	0	-1
1989	10	0	0	0	0	0	0	0	0	0	0	0	0	0	0	0	0	0	0	0	0	16	0	0	0	0	0	0	0	0	0	0
1989	11	0	0	0	0	0	0	0	0	0	0	0	0	0	0	0	0	0	0	0	0	0	0	0	0	0	0	0	0	0	0	-1
1989	12	0	0	0	0	0	0	0	0	20	0	0	0	0	0	0	0	12	0	28	0	11	0	24	0	32	25	14	0	0	0	17
1990	1	59	0	6	0	0	32	0	0	0	0	0	0	0	0	0	0	0	0	0	0	0	0	11.5	0	0	0	0	0	0	0	0
1990	2	5	0	0	0	0	0	0	0	9	4	0	2	0	0	0	0	1.9	0	22.4	7.2	0	3.4	0	0	24.1	0	0	0	-1	-1	-1
1990	3	14.2	0	48.8	23.4	18.6	2	0	0	0	0	0	0	0	0	0	0	0	0	0	2.6	7.2	0	0	0	0	0	0	0	9	2.2	22.2
1990	4	0	0	34.6	10.2	37	25	20	16.8	0	0	0	0	0	0	0	0	0	0	0	6.4	0	0	0	15.2	0	0	0	0	50	6.4	-1
1990	5	10.7	0	0	0	0	0	0	0	0	0	0	0	0	0	0	0	0	0	0	0	0	0	0	0	0	0	0	0	2.8	0	0
1990	6	0	0	0	0	0	0	0	0	0	0	0	0	0	0	0	0	0	0	0	0	0	0	0	0	0	0	0	0	0	0	-1
1990	7	0	0	0	0	0	0	0	0	0	0	0	0	5	0	0	0	0	0	0	0	0	0	0	0	0	0	0	0	0	0	0
1990	8	0	0	0	0	0	0	0	0	0	43	3.4	0	0	0	0	0	0	0	0	0	0	0	0	0	0	0	0	0	0	0	0
1990	9	0	0	0	14	0	0	0	5.8	0	0	0	0	0	0	0	0	0	0	0	0	0	0	0	0	0	16.4	0	0	0	0	-1
1990	10	0	0	0	0	0	0	0	0	0	0	0	0	0	0	0	0	0	0	0	0	0	0	0	0	0	0	0	0	0	0	0
1990	11	0	0	0	0	0	0	0	0	0	0	0	0	0	0	0	5.4	0	0	0	0	29	0	5.2	0	0	0	0	0	0	0	-1
1990	12	0	0	0	0	0	0	0	0	0	0	0	0	0	0	0	0	0	0	0	0	0	0	0	0	0	0	0	0	0	0	30
1991	1	0	0	0	0	0	0	0	11.6	8.2	0	0	0	0	0	0	0	0	0	0	9.5	54.8	13.8	0	55.6	6.6	0	0	0	0	0	0
1991	2	0	16	0	0	15.6	0	7.8	6.6	0	0	0	0	0	0	0	14	0	11	0	0	0	0	0	0	0	0	0	0	-1	-1	-1
1991	3	0	0	0	13.6	0	0	0	0	0	20.4	0	0	0	8.6	2.4	0	0	0	0	0	0	0	0	0	57.5	0.5	0	0	58.8	41.2	5
1991	4	0	0	19.8	0	0	20	0	0	0	0	0	0	0	14	0	27.6	0	0	7.5	26.6	6.4	0	0	0	0	7.8	22	0	0	0	-1
1991	5	32.2	0	0	0	0	30.4	4.4	0	0	0	5.2	0	0	0	0	0	0	0	0	0	0	0	0	0	28	0	0	0	0	0	0
1991	6	0	0	0	0	0	0	0	0	0	0	0	0	0	0	0	0	0	0	0	0	0	0	0	0	0	0	0	0	0	0	-1
1991	7	0	0	0	0	0	0	0	0	0	0	0	0	0	0	0	0	0	0	0	0	0	0	0	0	0	0	0	0	0	0	0
1991	8	0	0	0	0	0	0	0	0	0	0	0	0	0	0	0	0	0	0	0	0	0	0	0	0	0	0	0	0	0	0	0
1991	9	0	0	0	0	0	0	0	0	0	0	0	0	0	0	0	0	0	0	0	0	0	0	0	0	0	0	0	0	0	0	-1
1991	10	0	0	0	0	0	0	0	0	0	0	0	0	0	0	0	0	0	0	0	0	0	0	0	0	0	0	0	0	0	0	0
1991	11	0	0	0	0	0	0	0	0	0	0	0	0	0	0	0	0	0	0	0	0	0	0	0	0	0	0	0	0	0	13.8	-1
1991	12	0	0	0	0	0	0	0	0	0	0	0	0	0	0	0	0	0	0	0	0	0	0	0	0	0	0	0	0	0	0	0
1992	1	0	0	0	0	0	0	0	0	0	0	0	0	0	0	0	0	0	0	4.6	0	0	33.8	9.5	6	0	70	4.1	2.8	0	48.4	7.8
1992	2	0	2	0.8	2	2.2	0	62.2	0	3.6	11.4	25	1.8	4.6	0	0	64	13.2	3.4	13.6	6.8	40.2	0	0	6.2	24.8	42.2	0	0	0	-1	-1
1992	3	0	52	4	0	0	0	0	5.2	6.8	11.4	0	1.6	0	4.2	0	6.2	47.4	13	0	0	0	0	18.2	6.8	8.6	9.4	2.2	10.4	0	9.6	0
1992	4	2	50	51.4	5.4	0	5.2	3.8	0	18.4	3.2	0	0	0	0	22.4	3.2	0	0	0	0	0	0	0	0	0	0	0	0	0	0	-1
1992	5	0	0	0	0	0	0	0	0	0	0	0	0	0	0	0	0	0	0	0	0	0	0	0	0	0	0	0	0	0	0	0
1992	6	0	0	0	0	0	0	0	0	0	0	0	0	0	0	0	0	0	0	0	0	0	0	0	0	0	0	0	17	0	0	-1
1992	7	0	0	0	0	0	0	0	0	0	0	0	0	0	0	2.6	9	0	0	0	0	0	0	0	0	0	0	0	0	0	0	0
1992	8	0	0	0	0	0	0	0	0	0	0	0	0	0	0	0	0	0	0	0	0	0	0	0	0	0	0	0	0	0	0	0
1992	9	0	0	0	0	0	0	0	0	0	26	0	0	0	0	0	15	1	0	0	0	11	0	2.6	0	0	0	0	0	0	0	-1
1992	10	0	0	0	0	0	0	0	0	0	0	0	0	0	0	0	0	0	0	0	0	0	0	0	0	0	0	0	0	0	0	0
1992	11	0	0	0	0	0	0	0	0	0	6.5	0	0	0	0	0	0	0	0	0	0	0	0	0	0	0	0	0	0	0	0	-1
1992	12	0	0	0	0	0	0	0	0	0	6	0	0	0	0	0	0	0	0	0	0	0	0	0	0	0	0	0	0	0	0	0
1993	1	0	0	0	0	0	8	0	0	0	0	10	0	0	0	0	0	1.2	12.2	0	1.2	0	0	0	0	0	0	1.6	0	0	0	0
1993	2	7.2	0	0	0	0	0	0	0	0	0	0	0	0	27	0	0	0	0	0	0	0	0	3	12	0	60.8	29.4	9.2	-1	-1	-1
1993	3	3	38	5	23.6	26.8	5.6	0	0	0	0	0	0	14.3	0	3.2	0	0	1	0	0	0	0	3	0	0	98	6	0	11.8	8.8	0
1993	4	14.8	3.5	0	0	4.6	0	0	27	0	0	0	0	0	0	0	0	0	0	0	0	2.5	0	12.4	0	0	0	2.5	39	8	0	-1
1993	5	0	36	56	2.2	0	0	0	0	0	0	0	0	0	0	0	0	0	0	0	0	0	0	0	0	0	0	0	0	0	12	0
1993	6	0	0	0	0	0	0	0	0	0	0	0	0	0	0	0	0	0	0	0	0	0	0	0	0	0	0	0	0	0	0	-1
1993	7	0	0	0	0	0	0	0	0	0	0	0	0	0	29	0	0	0	0	0	0	0	0	0	0	0	0	0	0	0	0	0
1993	8	0	0	0	0	0	0	0	0	0	0	0	0	0	0	0	0	0	0	0	0	0	0	0	0	0	0	0	0	0	0	0
1993	9	0	0	0	0	0	0	0	0	0	0	0	0	0	0	0	0	0	0	0	0	0	0	0	0	0	0	0	0	0	0	-1
1993	10	0	0	0	0	0	0	0	0	0	0	0	0	0	0	0	0	0	0	0	0	0	0	0	0	0	0	0	0	0	0	0
1993	11	0	0	0	0	13.6	0	0	0	0	0	0	0	0	0	0	0	0	0	0	0	0	20.2	0	0	0	0	0	0	0	0	-1
1993	12	0	0	0	0	0	29.2	0	0	0	0	0	0	0	0	0	0	0	0	0	0	0	0	0	0	0	14	0	0	0	0	0
1994	1	0	0	0	0	55.8	2	15	0	0	0	0	0	0	0	0	0	31.6	0	12.4	9.4	0	3.8	0	0	0	0	0	0	5	0	6.4
1994	2	0	0	0	1.4	2.2	15.2	5.4	0	12.6	0	0.8	0	0	23	0	0	0	26	2.4	5.2	14.4	5	0	0	0	0	14.4	0	-1	-1	-1
1994	3	3	0	0	0	0	0	0	0	0	17.6	0	26	0	16	6	3.4	1.2	0	0	1.2	0	7	1	4	23.2	7.6	0	0	7.2	0	4.6
1994	4	0	0	14.6	2	16	0	0	0	22.8	8.6	4.6	0	0	0	0	8.4	55.2	7.8	10.6	6	22.2	0	0	0	4.6	0	0	0	0	0	-1
1994	5	0	2.6	0	0	0	0	0	0	5.2	0	0	0	0	0	33	6.4	3	0	0	0	0	5.2	4.4	0	0	0	18.2	9.4	0	0	0
1994	6	0	2	3	4.8	0	1.8	0	0	0	0	0	0	0	0	0	0	15.2	0	0	0	16	0	0	0	0	0	16.2	0	0	0	-1
1994	7	0	7.8	0	0	0	0	0	2.6	0	0	0	0	0	0	0	0	0	0	0	0	0	0	0	0	0	0	0	0	0	0	0
1994	8	0	0	0	0	0	0	0	0	0	0	0	0	0	0	0	0	0	0	0	0	0	0	0	0	0	0	0	0	0	0	0
1994	9	0	0	0	0	0	0	0	0	0	0	0	0	0	0	0	0	0	0	0	0	0	0	0	0	0	0	0	0	0	0	-1
1994	10	0	0	0	0	0	0	0	0	0	0	0	0	0	0	0	0	0	27.2	0	0	0	0	0	0	0	0	0	0	0	0	0
1994	11	0	0	0	0	0	0	0	0	0	0	0	0	0	0	0	0	0	0	0	0	0	0	0	0	0	0	0	0	0	0	-1
1994	12	0	0	0	0	0	0	0	0	0	0	0	7	0	0	0	0	0	0	0	0	2	0	0	11.4	1	8.6	0	9.6	32.4	21.4	0
1995	1	83.4	2	0	0	27.4	0	0	2	0	0	0	0	78.6	0	0	0	0	0	0	0	0	0	0	0	0	0	0	0	0	0	0
1995	2	0	0	0	0	0	12.2	0	0	0	27.8	5	2	0	30.4	2.4	7	0	0	21.6	4.6	15.6	7.4	9.2	0	2.6	14.8	0	47	-1	-1	-1
1995	3	75.4	0.8	2.2	0	0	0	0	24.8	0	0	0	0	30	0	5.4	17.8	0	9.4	20	3.2	12.6	27	0	0	38.6	7	0	48.4	0	0	0
1995	4	0	21.8	0	0	31	59.4	32.2	0	0	54	15.2	0	0	12.6	5.2	17.8	0	0	0	25	0	0	1.6	0	0	0	0	0	0	0	-1
1995	5	0	16	2.6	0	0	0	0	2.2	1.8	1.2	0	0	0	0	0	0	0	1.6	0	0	0	0	0	0	0	45.6	8.4	0	0	0	0
1995	6	0	0	0	0	0	0	0	0	0	0	0	0	0	0	0	0	0	0	0	0	0	0	0	0	0	0	0	0	0	0	-1
1995	7	0	0	0	0	0	0	0	0	0	0	0	0	0	0	0	0	0	0	0	0	0	0	0	0	0	0	0	0	0	0	0
1995	8	0	0	0	0	0	0	0	0	0	0	0	0	0	0	0	0	0	0	0	0	0	0	0	0	0	0	0	0	0	0	0
1995	9	0	0	0	0	0	0	0	0	0	0	0	0	0	0	0	0	0	0	0	0	0	0	0	0	0	0	0	0	0	0	-1
1995	10	0	0	0	0	0	0	0	0	0	0	0	0	0	0	0	0	0	0	0	0	0	0	0	0	0	0	0	0	0	0	50
1995	11	9.8	16.2	0	2.4	0	0	0	23	0	0	0	0	0	0	0	0	0	0	0	0	0	0	0	54	1.6	0	0	0	0	0	-1
1995	12	0	0	0	0	0	0	0	0	0	0	0	0	0	0	0	0	0	0	0	0	0	0	0	0	0	0	0	0	0	0	17
1996	1	0	0	0	0	0	0	4	16	0	0	58.6	0	0	17	0	0	11.6	6.8	6	66	18.4	63.4	0	11	0	0	0	0	0	5	25
1996	2	5.5	77.6	12.2	6.2	0	7	4	0	0	0	0	0	0	4.2	9.4	8	0	0	19.4	0	0	0	63	0	0	6.2	0	8.6	70	-1	-1
1996	3	0	9	89	0	0	0	8.2	4.4	0	0	0	9.2	20	7	0	0	0	0	22.4	0	7	8.2	8	3.2	0	0	40	16	0	6	11.8
1996	4	0	5	4.4	0	0	0	0	16	16	9	0	0	0	0	34	5	0	6	0	0	19	0	0	6.6	7	8.2	0	0	0	17	-1
1996	5	7	0	0	26	12	4	0	0	0	0	0	0	0	0	0	0	0	0	0	0	0	0	0	0	0	0	0	0	0	0	0
1996	6	0	0	9	0	0	0	0	0	0	0	0	0	0	0	0	0	0	0	0	0	0	0	0	0	0	0	0	0	0	0	-1
1996	7	0	0	0	0	0	0	0	0	0	0	0	0	0	0	0	0	0	0	0	0	0	0	0	0	0	0	0	0	0	0	0
1996	8	0	0	0	0	0	0	0	0	0	0	0	0	0	0	0	0	0	0	0	0	0	0	0	0	0	0	0	0	0	0	0
1996	9	0	0	0	0	0	0	0	0	0	0	0	0	0	0	0	0	0	0	0	0	0	0	0	0	0	0	0	0	0	0	-1
1996	10	0	0	13.6	0	0	0	0	0	0	0	0	0	0	0	0	0	8.6	0	0	0	0	0	0	0	0	0	0	0	0	0	0
1996	11	0	0	0	0	0	0	0	0	0	0	0	0	0	0	0	16.8	2.4	4.8	0	8	0	0	0	0	0	0	7.2	0	0	0	-1
1996	12	0	0	0	0	0	0	0	39	6	0	0	0	0	0	0	0	0	5.2	0	0	0	0	0	0	0	0	0	0	21	1	0
1997	1	0	0	0	0	0	0	5	10.4	0	0	0	4	5.6	0	0	0	0	0	2.2	0	9	0	9.8	8.6	3.6	8.4	8.8	43.6	0	0	0
1997	2	0	0	25	7	0	0	1	0	9.8	3.4	7.6	0	2	1	0	0	0	0	0	0	0	0	2	0	0	0	0	0	-1	-1	-1
1997	3	0	0	9.2	5	0	0	0	0	2	22	0	0	0	7.8	0	0	0	0	0	128	44.4	14.2	39.8	1.6	17	5.8	24.4	0	64	0	0
1997	4	0	5	0	0	11	0	0	0	0	0	0	0	0	9	25.4	17	0	20	0	0	0	0	0	0	0	0	5.4	0	0	0	-1
1997	5	0	0	17	6	0	0	0	1.8	0	0	0	0	0	0	0	0	0	0	0	0	0	0	0	33	0	0	0	0	0	0	0
1997	6	0	0	0	0	0	0	0	0	0	0	0	0	0	0	0	0	0	0	0	0	0	0	0	0	0	0	0	0	0	0	-1
1997	7	0	0	0	0	0	0	0	0	0	0	0	0	0	0	0	0	0	0	0	0	0	0	0	0	0	0	0	0	0	0	0
1997	8	0	0	0	0	0	0	0	0	0	0	0	0	0	0	0	0	0	0	0	0	0	0	0	0	0	0	0	0	0	0	0
1997	9	0	0	0	0	0	0	0	0	0	0	0	0	0	0	0	0	0	0	0	0	0	0	0	0	0	0	0	0	0	0	-1
1997	10	0	0	0	0	0	0	0	0	0	0	0	0	0	0	0	0	0	0	0	0	0	0	0	0	0	0	0	0	0	0	0
1997	11	0	0	0	0	0	0	0	0	0	0	0	0	24	0	0	0	0	0	0	0	5	0	0	0	0	0	0	0	0	0	-1
1997	12	0	0	0	0	0	0	0	0	0	0	0	6.4	0	6	0	0	0	0	0	9	2	52.2	6.4	0	0	0	0	0	0	0	0
1998	1	0	16	1.4	37	16	0	0	0	0	0	1.8	0	0	0	0	0	0	0	13	3.6	24	8.6	0	0	1.6	0	1.2	40.4	0	1	20.2
1998	2	0	0	0	0	0	0	0	0	0	0	0	0	1	9	0	0	0	55	6.8	2.4	0	0	0	0	0	3.6	2.2	2	-1	-1	-1
1998	3	0	0	0	0	2	0	0	0	22.8	51.2	28.4	0	0	0	0	0	12	11.4	0	0	85.8	0	0	0	39	1	0	3.2	4.6	0	0
1998	4	40.2	43	2.2	0	0	0	0	0	37.4	0	0	0	13.4	21.2	29.6	0	33	0	0	0	0	0	0	0	0	0	0	0	0	0	-1
1998	5	0	0	0	0	0	0	0	0	0	0	0	0	0	0	0	0	0	0	0	0	0	0	0	0	0	0	0	0	0	0	8.4
1998	6	1	0	0	0	0	0	0	1.2	0	0	0	0	0	0	0	0	0	0	0	0	0	0	0	0	0	0	0	0	0	0	-1
1998	7	0	0	0	0	0	0	0	0	0	0	0	0	0	0	0	0	0	0	0	0	0	0	0	0	0	0	0	0	0	0	0
1998	8	0	0	0	0	0	0	0	0	0	0	0	0	0	0	0	0	0	0	0	0	0	0	0	0	0	0	0	0	0	0	0
1998	9	0	0	0	0	0	0	0	0	0	0	0	0	0	0	0	0	0	0	0	0	0	0	0	0	0	0	0	0	0	0	-1
1998	10	0	0	0	19.6	0	0	0	0	0	0	0	0	0	0	0	0	0	0	0	0	0	4.8	0	0	1	0	0	0	0	0	0
1998	11	0	0	0	0	0	0	0	0	0	0	0	0	0	0	0	0	0	0	0	0	0	0	0	0	0	0	0	0	0	0	-1
1998	12	0	0	0	0	0	0	0	0	0	0	0	0	0	0	22.6	0	0	0	0	0	34	9.4	0	0	0	0	0	0	0	20.6	10
1999	1	0	0	0	0	0	0	0	0	0	0	78	0	0	23	0	0	0	0	0	0	11	54.2	46.4	13.2	14.8	0	0	0	0	5.8	4
1999	2	0	0	0	0	0	2.2	0	0	0	0	3.8	0	0	6	0	9.6	16.4	0	9	11	0	2	29	4.6	0	2	10.8	9.6	-1	-1	-1
1999	3	5	0	0	9.2	25	38	2.6	5.6	10.8	0	0	0	53.4	3.4	14.2	34.2	0	62.6	4.6	10.8	0	1	0	0	0	0	24.4	16.6	5.6	0	0
1999	4	0	0	0	2	0	0	3.2	0	0	0	1.8	14	16.2	9.4	2.4	0	0	0	0	0	0	5.2	13.6	1	0	0	0	0	0	0	-1
1999	5	3.6	0	0	0	0	16	21.2	7.8	0	0	20.6	0	0	0	40	1	0	8.8	0	0	0	0	43	1.4	0	0	0	0	0	0	0
1999	6	0	0	0	0	0	0	0	0	0	0	5.6	0	0	0	0	0	0	0	0	0	0	0	0	0	0	0	0	0	0	0	-1
1999	7	0	0	0	0	0	0	0	0	0	0	0	0	0	0	0	0	0	0	0	0	0	0	0	0	0	0	0	0	0	0	0
1999	8	0	0	0	0	0	0	0	0	0	0	0	0	0	0	0	0	0	0	0	0	0	0	0	0	0	0	0	0	0	0	0
1999	9	0	0	0	0	0	0	0	0	0	0	0	0	2	0	0	0	0	0	0	0	0	0	0	0	0	0	0	0	0	0	-1
1999	10	0	0	0	0	0	0	0	0	0	0	0	0	0	0	0	0	0	0	0	0	0	0	0	0	0	0	0	0	0	0	0
1999	11	12	11.2	0	0	0	0	0	0	0	0	0	0	0	0	0	0	0	0	0	0	0	0	0	0	0	0	0	0	0	0	-1
1999	12	0	0	0	0	0	0	0	0	0	0	0	0	0	0	0	0	0	0	0	0	0	0	89.4	6	0	0	0	0	0	0	0
2000	1	0	0	0	43	17	9.8	0	7	29.4	0	11	0	0	0	5	10.8	0	0	0	0	0	0	0	0	0	0	0	0	0	0	0
2000	2	0	0	0	0	0	0	0	3	25	0	5	0	0	6.6	0	1.6	4.8	18.2	14.4	0	0	6	61	4	14	0	0	1.4	0	-1	-1
2000	3	12	1.2	7.8	3.6	8.2	1	0	2.2	22	5	0	0	0	24.6	10.4	0	5	0	0	0	0	3.4	0	2.4	0	0	14	21.8	0	0	11
2000	4	0	8	2	0	0	5	7	0	2	8	10.4	18	14.6	53	0	0	5.6	14	7.6	27.3	0	18	0	0	0	0	4.4	0	0	0	-1
2000	5	0	0	2.4	0	0	0	0	0	0	0	0	0	0	0	0	0	0	0	0	0	0	0	0	0	0	0	0	0	0	0	0
2000	6	0	4.6	0	0	0	0	0	0	7.8	0	0	0	0	0	0	0	0	0	0	0	0	6.8	0	0	0	0	6.6	0	0	0	-1
2000	7	0	0	0	0	0	0	0	0	0	0	0	0	0	0	0	0	0	0	0	0	0	0	0	0	0	0	0	0	0	0	0
2000	8	0	0	0	0	0	0	0	0	7	0	0	0	0	0	0	0	0	0	0	0	0	0	0	0	0	0	0	0	0	0	0
2000	9	0	0	0	0	0	0	0	0	0	0	0	0	36	0	0	10.8	0	0	0	0	0	0	0	0	0	0	0	0	0	0	-1
2000	10	0	0	0	0	0	0	0	0	0	0	0	0	0	0	0	0	0	0	0	0	0	0	0	0	0	0	0	0	0	0	0
2000	11	0	0	0	0	0	0	0	0	0	0	0	0	0	0	0	0	0	0	0	0	0	0	0	0	0	0	0	0	0	0	-1
2000	12	0	0	0	0	0	0	0	0	0	0	3	0	0	17.8	32	18.6	0	0	0	0	0	0	0	0	0	0	0	0	0	0	0
